{
  "createdAt": "2026-05-05T20:38:35Z",
  "gamesPerMatch": 10000,
  "goalDiffMatrix": [
    [
      0.0,
      1566.0,
      943.0,
      -214.0,
      461.0,
      132.0,
      1005.0,
      20.0,
      222.0
    ],
    [
      -1566.0,
      0.0,
      212.0,
      -605.0,
      -136.0,
      -261.0,
      210.0,
      -820.0,
      -251.0
    ],
    [
      -943.0,
      -212.0,
      0.0,
      -337.0,
      -78.0,
      -395.0,
      480.0,
      -264.0,
      -344.0
    ],
    [
      214.0,
      605.0,
      337.0,
      0.0,
      406.0,
      -191.0,
      338.0,
      153.0,
      244.0
    ],
    [
      -461.0,
      136.0,
      78.0,
      -406.0,
      0.0,
      -71.0,
      -8.0,
      -191.0,
      -332.0
    ],
    [
      -132.0,
      261.0,
      395.0,
      191.0,
      71.0,
      0.0,
      341.0,
      -51.0,
      -144.0
    ],
    [
      -1005.0,
      -210.0,
      -480.0,
      -338.0,
      8.0,
      -341.0,
      0.0,
      -890.0,
      -319.0
    ],
    [
      -20.0,
      820.0,
      264.0,
      -153.0,
      191.0,
      51.0,
      890.0,
      0.0,
      40.0
    ],
    [
      -222.0,
      251.0,
      344.0,
      -244.0,
      332.0,
      144.0,
      319.0,
      -40.0,
      0.0
    ]
  ],
  "pointsMatrix": [
    [
      0.0,
      300.0,
      298.0,
      97.0,
      286.0,
      205.0,
      296.0,
      327.0,
      207.0
    ],
    [
      0.0,
      0.0,
      208.0,
      24.0,
      69.0,
      38.0,
      230.0,
      17.0,
      73.0
    ],
    [
      1.0,
      79.0,
      0.0,
      39.0,
      94.0,
      21.0,
      250.0,
      57.0,
      28.0
    ],
    [
      196.0,
      273.0,
      255.0,
      0.0,
      246.0,
      57.0,
      237.0,
      265.0,
      218.0
    ],
    [
      10.0,
      204.0,
      187.0,
      45.0,
      0.0,
      70.0,
      314.0,
      44.0,
      14.0
    ],
    [
      73.0,
      248.0,
      276.0,
      225.0,
      184.0,
      0.0,
      265.0,
      101.0,
      655.0
    ],
    [
      2.0,
      131.0,
      43.0,
      60.0,
      311.0,
      31.0,
      0.0,
      0.0,
      47.0
    ],
    [
      327.0,
      281.0,
      234.0,
      172.0,
      242.0,
      182.0,
      300.0,
      0.0,
      906.0
    ],
    [
      84.0,
      220.0,
      268.0,
      74.0,
      281.0,
      835.0,
      245.0,
      891.0,
      0.0
    ]
  ],
  "rankings": [
    {
      "draws": 204,
      "goalDiff": 884.0,
      "losses": 648,
      "points": 2898.0,
      "rank": 1,
      "team": "tempest-united",
      "wins": 898,
      "zSum": 35.026999999999994
    },
    {
      "draws": 154,
      "goalDiff": 2083.0,
      "losses": 516,
      "points": 2644.0,
      "rank": 2,
      "team": "phoenix-rovers",
      "wins": 830,
      "zSum": 51.09700000000001
    },
    {
      "draws": 209,
      "goalDiff": 932.0,
      "losses": 410,
      "points": 2027.0,
      "rank": 3,
      "team": "mirage-sc",
      "wins": 606,
      "zSum": 40.69200000000001
    },
    {
      "draws": 66,
      "goalDiff": 4135.0,
      "losses": 209,
      "points": 2016.0,
      "rank": 4,
      "team": "aurora-fc",
      "wins": 650,
      "zSum": 113.789
    },
    {
      "draws": 67,
      "goalDiff": 2106.0,
      "losses": 223,
      "points": 1747.0,
      "rank": 5,
      "team": "glacier-fc",
      "wins": 560,
      "zSum": 52.394
    },
    {
      "draws": 174,
      "goalDiff": -1255.0,
      "losses": 513,
      "points": 888.0,
      "rank": 6,
      "team": "granite-athletic",
      "wins": 238,
      "zSum": -47.733999999999995
    },
    {
      "draws": 80,
      "goalDiff": -3217.0,
      "losses": 552,
      "points": 659.0,
      "rank": 7,
      "team": "eclipse-town",
      "wins": 193,
      "zSum": -81.275
    },
    {
      "draws": 88,
      "goalDiff": -3575.0,
      "losses": 683,
      "points": 625.0,
      "rank": 8,
      "team": "nebula-rangers",
      "wins": 179,
      "zSum": -91.607
    },
    {
      "draws": 62,
      "goalDiff": -2093.0,
      "losses": 569,
      "points": 569.0,
      "rank": 9,
      "team": "forge-fc",
      "wins": 169,
      "zSum": -72.383
    }
  ],
  "teams": [
    "aurora-fc",
    "eclipse-town",
    "forge-fc",
    "glacier-fc",
    "granite-athletic",
    "mirage-sc",
    "nebula-rangers",
    "phoenix-rovers",
    "tempest-united"
  ],
  "type": "v6-round-robin",
  "zScoreMatrix": [
    [
      0.0,
      41.877,
      23.601,
      -4.911,
      15.923,
      5.045,
      26.199,
      0.276,
      5.779
    ],
    [
      -41.877,
      0.0,
      6.118,
      -13.91,
      -5.796,
      -9.092,
      4.864,
      -15.017,
      -6.565
    ],
    [
      -23.601,
      -6.118,
      0.0,
      -11.492,
      -4.018,
      -15.336,
      9.928,
      -8.509,
      -13.237
    ],
    [
      4.911,
      13.91,
      11.492,
      0.0,
      10.964,
      -7.558,
      8.656,
      3.418,
      6.601
    ],
    [
      -15.923,
      5.796,
      4.018,
      -10.964,
      0.0,
      -5.377,
      -0.298,
      -8.746,
      -16.24
    ],
    [
      -5.045,
      9.092,
      15.336,
      7.558,
      5.377,
      0.0,
      12.768,
      -1.914,
      -2.48
    ],
    [
      -26.199,
      -4.864,
      -9.928,
      -8.656,
      0.298,
      -12.768,
      0.0,
      -20.079,
      -9.411
    ],
    [
      -0.276,
      15.017,
      8.509,
      -3.418,
      8.746,
      1.914,
      20.079,
      0.0,
      0.526
    ],
    [
      -5.779,
      6.565,
      13.237,
      -6.601,
      16.24,
      2.48,
      9.411,
      -0.526,
      0.0
    ]
  ]
}
