{
  "createdAt": "2026-05-07T07:35:03Z",
  "gamesPerMatch": 500,
  "goalDiffMatrix": [
    [
      0.0,
      640.0,
      294.0,
      -496.0,
      560.0,
      88.0,
      -1114.0,
      -321.0,
      -184.0
    ],
    [
      -640.0,
      0.0,
      91.0,
      -477.0,
      -60.0,
      -447.0,
      -965.0,
      -756.0,
      -589.0
    ],
    [
      -294.0,
      -91.0,
      0.0,
      -463.0,
      164.0,
      -324.0,
      -83.0,
      -198.0,
      -399.0
    ],
    [
      496.0,
      477.0,
      463.0,
      0.0,
      283.0,
      -52.0,
      -11.0,
      229.0,
      -627.0
    ],
    [
      -560.0,
      60.0,
      -164.0,
      -283.0,
      0.0,
      -260.0,
      -236.0,
      -256.0,
      -860.0
    ],
    [
      -88.0,
      447.0,
      324.0,
      52.0,
      260.0,
      0.0,
      772.0,
      273.0,
      101.0
    ],
    [
      1114.0,
      965.0,
      83.0,
      11.0,
      236.0,
      -772.0,
      0.0,
      -471.0,
      306.0
    ],
    [
      321.0,
      756.0,
      198.0,
      -229.0,
      256.0,
      -273.0,
      471.0,
      0.0,
      -330.0
    ],
    [
      184.0,
      589.0,
      399.0,
      627.0,
      860.0,
      -101.0,
      -306.0,
      330.0,
      0.0
    ]
  ],
  "pointsMatrix": [
    [
      0.0,
      279.0,
      259.0,
      36.0,
      277.0,
      182.0,
      9.0,
      56.0,
      93.0
    ],
    [
      15.0,
      0.0,
      196.0,
      30.0,
      105.0,
      6.0,
      6.0,
      4.0,
      16.0
    ],
    [
      28.0,
      91.0,
      0.0,
      10.0,
      195.0,
      33.0,
      139.0,
      46.0,
      16.0
    ],
    [
      258.0,
      267.0,
      289.0,
      0.0,
      241.0,
      106.0,
      140.0,
      217.0,
      25.0
    ],
    [
      19.0,
      180.0,
      93.0,
      46.0,
      0.0,
      49.0,
      66.0,
      52.0,
      3.0
    ],
    [
      110.0,
      294.0,
      258.0,
      181.0,
      238.0,
      0.0,
      300.0,
      245.0,
      706.0
    ],
    [
      288.0,
      291.0,
      223.0,
      149.0,
      222.0,
      0.0,
      0.0,
      18.0,
      220.0
    ],
    [
      236.0,
      295.0,
      241.0,
      70.0,
      241.0,
      41.0,
      282.0,
      0.0,
      34.0
    ],
    [
      198.0,
      280.0,
      283.0,
      271.0,
      297.0,
      664.0,
      76.0,
      259.0,
      0.0
    ]
  ],
  "rankings": [
    {
      "draws": 112,
      "goalDiff": 2141.0,
      "losses": 323,
      "points": 2332.0,
      "rank": 1,
      "team": "mirage-sc",
      "wins": 740,
      "zSum": 76.92899999999999
    },
    {
      "draws": 84,
      "goalDiff": 2582.0,
      "losses": 343,
      "points": 2328.0,
      "rank": 2,
      "team": "tempest-united",
      "wins": 748,
      "zSum": 82.67
    },
    {
      "draws": 64,
      "goalDiff": 1258.0,
      "losses": 243,
      "points": 1543.0,
      "rank": 3,
      "team": "glacier-fc",
      "wins": 493,
      "zSum": 41.442
    },
    {
      "draws": 63,
      "goalDiff": 1170.0,
      "losses": 278,
      "points": 1440.0,
      "rank": 4,
      "team": "phoenix-rovers",
      "wins": 459,
      "zSum": 36.67499999999999
    },
    {
      "draws": 46,
      "goalDiff": 1472.0,
      "losses": 324,
      "points": 1411.0,
      "rank": 5,
      "team": "nebula-rangers",
      "wins": 455,
      "zSum": 8.277000000000012
    },
    {
      "draws": 57,
      "goalDiff": -533.0,
      "losses": 365,
      "points": 1191.0,
      "rank": 6,
      "team": "aurora-fc",
      "wins": 378,
      "zSum": 7.646999999999996
    },
    {
      "draws": 75,
      "goalDiff": -1688.0,
      "losses": 589,
      "points": 558.0,
      "rank": 7,
      "team": "forge-fc",
      "wins": 161,
      "zSum": -67.49600000000001
    },
    {
      "draws": 76,
      "goalDiff": -2559.0,
      "losses": 580,
      "points": 508.0,
      "rank": 8,
      "team": "granite-athletic",
      "wins": 144,
      "zSum": -80.276
    },
    {
      "draws": 45,
      "goalDiff": -3843.0,
      "losses": 644,
      "points": 378.0,
      "rank": 9,
      "team": "eclipse-town",
      "wins": 111,
      "zSum": -105.86800000000001
    }
  ],
  "teams": [
    "aurora-fc",
    "eclipse-town",
    "forge-fc",
    "glacier-fc",
    "granite-athletic",
    "mirage-sc",
    "nebula-rangers",
    "phoenix-rovers",
    "tempest-united"
  ],
  "type": "v6-round-robin",
  "zScoreMatrix": [
    [
      0.0,
      16.711,
      11.139,
      -11.852,
      16.605,
      2.825,
      -14.728,
      -8.615,
      -4.438
    ],
    [
      -16.711,
      0.0,
      4.239,
      -13.34,
      -2.628,
      -18.024,
      -19.966,
      -22.861,
      -16.577
    ],
    [
      -11.139,
      -4.239,
      0.0,
      -16.609,
      5.46,
      -10.966,
      -2.938,
      -10.028,
      -17.037
    ],
    [
      11.852,
      13.34,
      16.609,
      0.0,
      9.738,
      -2.284,
      -0.258,
      6.347,
      -13.902
    ],
    [
      -16.605,
      2.628,
      -5.46,
      -9.738,
      0.0,
      -8.771,
      -7.535,
      -8.184,
      -26.611
    ],
    [
      -2.825,
      18.024,
      10.966,
      2.284,
      8.771,
      0.0,
      28.505,
      9.881,
      1.323
    ],
    [
      14.728,
      19.966,
      2.938,
      0.258,
      7.535,
      -28.505,
      0.0,
      -14.178,
      5.535
    ],
    [
      8.615,
      22.861,
      10.028,
      -6.347,
      8.184,
      -9.881,
      14.178,
      0.0,
      -10.963
    ],
    [
      4.438,
      16.577,
      17.037,
      13.902,
      26.611,
      -1.323,
      -5.535,
      10.963,
      0.0
    ]
  ]
}
