{
  "createdAt": "2026-05-06T02:30:54Z",
  "gamesPerMatch": 10000,
  "goalDiffMatrix": [
    [
      0.0,
      1117.0,
      325.0,
      -449.0,
      651.0,
      335.0,
      485.0,
      -356.0,
      364.0
    ],
    [
      -1117.0,
      0.0,
      155.0,
      -446.0,
      -388.0,
      -84.0,
      -913.0,
      -330.0,
      -10.0
    ],
    [
      -325.0,
      -155.0,
      0.0,
      -418.0,
      183.0,
      -208.0,
      -274.0,
      -217.0,
      38.0
    ],
    [
      449.0,
      446.0,
      418.0,
      0.0,
      343.0,
      249.0,
      -579.0,
      199.0,
      460.0
    ],
    [
      -651.0,
      388.0,
      -183.0,
      -343.0,
      0.0,
      -135.0,
      118.0,
      -257.0,
      -143.0
    ],
    [
      -335.0,
      84.0,
      208.0,
      -249.0,
      135.0,
      0.0,
      -127.0,
      -92.0,
      68.0
    ],
    [
      -485.0,
      913.0,
      274.0,
      579.0,
      -118.0,
      127.0,
      0.0,
      -599.0,
      685.0
    ],
    [
      356.0,
      330.0,
      217.0,
      -199.0,
      257.0,
      92.0,
      599.0,
      0.0,
      246.0
    ],
    [
      -364.0,
      10.0,
      -38.0,
      -460.0,
      143.0,
      -68.0,
      -685.0,
      -246.0,
      0.0
    ]
  ],
  "pointsMatrix": [
    [
      0.0,
      300.0,
      263.0,
      44.0,
      289.0,
      279.0,
      278.0,
      47.0,
      262.0
    ],
    [
      0.0,
      0.0,
      702.0,
      20.0,
      22.0,
      91.0,
      4.0,
      26.0,
      208.0
    ],
    [
      29.0,
      552.0,
      0.0,
      14.0,
      203.0,
      37.0,
      42.0,
      32.0,
      561.0
    ],
    [
      251.0,
      272.0,
      281.0,
      0.0,
      259.0,
      251.0,
      23.0,
      208.0,
      293.0
    ],
    [
      10.0,
      274.0,
      80.0,
      34.0,
      0.0,
      69.0,
      255.0,
      58.0,
      426.0
    ],
    [
      15.0,
      193.0,
      250.0,
      41.0,
      213.0,
      0.0,
      192.0,
      169.0,
      169.0
    ],
    [
      17.0,
      295.0,
      249.0,
      272.0,
      171.0,
      288.0,
      0.0,
      10.0,
      285.0
    ],
    [
      248.0,
      263.0,
      257.0,
      85.0,
      229.0,
      253.0,
      289.0,
      0.0,
      246.0
    ],
    [
      34.0,
      211.0,
      561.0,
      5.0,
      561.0,
      97.0,
      9.0,
      42.0,
      0.0
    ]
  ],
  "rankings": [
    {
      "draws": 88,
      "goalDiff": 1898.0,
      "losses": 168,
      "points": 1870.0,
      "rank": 1,
      "team": "phoenix-rovers",
      "wins": 594,
      "zSum": 67.264
    },
    {
      "draws": 47,
      "goalDiff": 1985.0,
      "losses": 156,
      "points": 1838.0,
      "rank": 2,
      "team": "glacier-fc",
      "wins": 597,
      "zSum": 71.27699999999999
    },
    {
      "draws": 34,
      "goalDiff": 2472.0,
      "losses": 190,
      "points": 1762.0,
      "rank": 3,
      "team": "aurora-fc",
      "wins": 576,
      "zSum": 83.53300000000002
    },
    {
      "draws": 96,
      "goalDiff": 1376.0,
      "losses": 332,
      "points": 1587.0,
      "rank": 4,
      "team": "nebula-rangers",
      "wins": 497,
      "zSum": 29.546999999999997
    },
    {
      "draws": 230,
      "goalDiff": -1708.0,
      "losses": 740,
      "points": 1520.0,
      "rank": 5,
      "team": "tempest-united",
      "wins": 430,
      "zSum": -51.282
    },
    {
      "draws": 237,
      "goalDiff": -1376.0,
      "losses": 802,
      "points": 1470.0,
      "rank": 6,
      "team": "forge-fc",
      "wins": 411,
      "zSum": -57.73099999999999
    },
    {
      "draws": 168,
      "goalDiff": -308.0,
      "losses": 399,
      "points": 1242.0,
      "rank": 7,
      "team": "mirage-sc",
      "wins": 358,
      "zSum": -5.107000000000002
    },
    {
      "draws": 147,
      "goalDiff": -1206.0,
      "losses": 600,
      "points": 1206.0,
      "rank": 8,
      "team": "granite-athletic",
      "wins": 353,
      "zSum": -40.311
    },
    {
      "draws": 167,
      "goalDiff": -3133.0,
      "losses": 731,
      "points": 1073.0,
      "rank": 9,
      "team": "eclipse-town",
      "wins": 302,
      "zSum": -97.19
    }
  ],
  "teams": [
    "aurora-fc",
    "eclipse-town",
    "forge-fc",
    "glacier-fc",
    "granite-athletic",
    "mirage-sc",
    "nebula-rangers",
    "phoenix-rovers",
    "tempest-united"
  ],
  "type": "v6-round-robin",
  "zScoreMatrix": [
    [
      0.0,
      32.915,
      11.995,
      -11.601,
      21.116,
      14.076,
      13.349,
      -9.478,
      11.161
    ],
    [
      -32.915,
      0.0,
      3.817,
      -13.875,
      -13.01,
      -4.337,
      -24.181,
      -12.331,
      -0.358
    ],
    [
      -11.995,
      -3.817,
      0.0,
      -16.131,
      4.963,
      -11.104,
      -9.947,
      -10.534,
      0.834
    ],
    [
      11.601,
      13.875,
      16.131,
      0.0,
      10.955,
      9.847,
      -13.024,
      5.419,
      16.473
    ],
    [
      -21.116,
      13.01,
      -4.963,
      -10.955,
      0.0,
      -6.813,
      2.975,
      -8.647,
      -3.802
    ],
    [
      -14.076,
      4.337,
      11.104,
      -9.847,
      6.813,
      0.0,
      -4.048,
      -3.654,
      4.264
    ],
    [
      -13.349,
      24.181,
      9.947,
      13.024,
      -2.975,
      4.048,
      0.0,
      -18.263,
      12.934
    ],
    [
      9.478,
      12.331,
      10.534,
      -5.419,
      8.647,
      3.654,
      18.263,
      0.0,
      9.776
    ],
    [
      -11.161,
      0.358,
      -0.834,
      -16.473,
      3.802,
      -4.264,
      -12.934,
      -9.776,
      0.0
    ]
  ]
}
