{
  "createdAt": "2026-05-07T08:31:52Z",
  "gamesPerMatch": 500,
  "goalDiffMatrix": [
    [
      0.0,
      942.0,
      253.0,
      -488.0,
      461.0,
      193.0,
      -1274.0,
      -315.0,
      -155.0
    ],
    [
      -942.0,
      0.0,
      -106.0,
      -749.0,
      -239.0,
      -702.0,
      -958.0,
      -1126.0,
      -847.0
    ],
    [
      -253.0,
      106.0,
      0.0,
      -576.0,
      121.0,
      -347.0,
      75.0,
      -163.0,
      -239.0
    ],
    [
      488.0,
      749.0,
      576.0,
      0.0,
      166.0,
      -226.0,
      150.0,
      101.0,
      -662.0
    ],
    [
      -461.0,
      239.0,
      -121.0,
      -166.0,
      0.0,
      -454.0,
      -206.0,
      -281.0,
      -824.0
    ],
    [
      -193.0,
      702.0,
      347.0,
      226.0,
      454.0,
      0.0,
      1005.0,
      297.0,
      373.0
    ],
    [
      1274.0,
      958.0,
      -75.0,
      -150.0,
      206.0,
      -1005.0,
      0.0,
      -779.0,
      330.0
    ],
    [
      315.0,
      1126.0,
      163.0,
      -101.0,
      281.0,
      -297.0,
      779.0,
      0.0,
      -153.0
    ],
    [
      155.0,
      847.0,
      239.0,
      662.0,
      824.0,
      -373.0,
      -330.0,
      153.0,
      0.0
    ]
  ],
  "pointsMatrix": [
    [
      0.0,
      295.0,
      240.0,
      44.0,
      261.0,
      467.0,
      6.0,
      71.0,
      109.0
    ],
    [
      4.0,
      0.0,
      87.0,
      3.0,
      41.0,
      0.0,
      11.0,
      1.0,
      2.0
    ],
    [
      48.0,
      201.0,
      0.0,
      11.0,
      229.0,
      47.0,
      216.0,
      85.0,
      51.0
    ],
    [
      251.0,
      294.0,
      287.0,
      0.0,
      203.0,
      64.0,
      731.0,
      182.0,
      12.0
    ],
    [
      33.0,
      251.0,
      133.0,
      92.0,
      0.0,
      11.0,
      78.0,
      52.0,
      2.0
    ],
    [
      332.0,
      300.0,
      245.0,
      223.0,
      278.0,
      0.0,
      300.0,
      222.0,
      229.0
    ],
    [
      294.0,
      287.0,
      138.0,
      578.0,
      213.0,
      0.0,
      0.0,
      19.0,
      215.0
    ],
    [
      218.0,
      298.0,
      205.0,
      110.0,
      238.0,
      66.0,
      280.0,
      0.0,
      78.0
    ],
    [
      184.0,
      296.0,
      240.0,
      285.0,
      296.0,
      67.0,
      77.0,
      213.0,
      0.0
    ]
  ],
  "rankings": [
    {
      "draws": 74,
      "goalDiff": 3211.0,
      "losses": 216,
      "points": 2129.0,
      "rank": 1,
      "team": "mirage-sc",
      "wins": 685,
      "zSum": 107.49699999999999
    },
    {
      "draws": 80,
      "goalDiff": 1342.0,
      "losses": 422,
      "points": 2024.0,
      "rank": 2,
      "team": "glacier-fc",
      "wins": 648,
      "zSum": 34.254999999999995
    },
    {
      "draws": 82,
      "goalDiff": 759.0,
      "losses": 539,
      "points": 1744.0,
      "rank": 3,
      "team": "nebula-rangers",
      "wins": 554,
      "zSum": -11.48899999999999
    },
    {
      "draws": 44,
      "goalDiff": 2177.0,
      "losses": 218,
      "points": 1658.0,
      "rank": 4,
      "team": "tempest-united",
      "wins": 538,
      "zSum": 66.479
    },
    {
      "draws": 62,
      "goalDiff": 2113.0,
      "losses": 261,
      "points": 1493.0,
      "rank": 5,
      "team": "phoenix-rovers",
      "wins": 477,
      "zSum": 43.624
    },
    {
      "draws": 68,
      "goalDiff": -383.0,
      "losses": 432,
      "points": 1493.0,
      "rank": 6,
      "team": "aurora-fc",
      "wins": 475,
      "zSum": 9.462000000000002
    },
    {
      "draws": 87,
      "goalDiff": -1276.0,
      "losses": 496,
      "points": 888.0,
      "rank": 7,
      "team": "forge-fc",
      "wins": 267,
      "zSum": -38.811
    },
    {
      "draws": 64,
      "goalDiff": -2274.0,
      "losses": 565,
      "points": 652.0,
      "rank": 8,
      "team": "granite-athletic",
      "wins": 196,
      "zSum": -63.400999999999996
    },
    {
      "draws": 29,
      "goalDiff": -5669.0,
      "losses": 731,
      "points": 149.0,
      "rank": 9,
      "team": "eclipse-town",
      "wins": 40,
      "zSum": -147.61599999999999
    }
  ],
  "teams": [
    "aurora-fc",
    "eclipse-town",
    "forge-fc",
    "glacier-fc",
    "granite-athletic",
    "mirage-sc",
    "nebula-rangers",
    "phoenix-rovers",
    "tempest-united"
  ],
  "type": "v6-round-robin",
  "zScoreMatrix": [
    [
      0.0,
      24.46,
      8.609,
      -11.167,
      11.674,
      3.024,
      -16.998,
      -6.851,
      -3.289
    ],
    [
      -24.46,
      0.0,
      -4.293,
      -19.91,
      -10.123,
      -23.736,
      -18.949,
      -21.866,
      -24.279
    ],
    [
      -8.609,
      4.293,
      0.0,
      -16.855,
      3.57,
      -9.587,
      2.128,
      -5.146,
      -8.605
    ],
    [
      11.167,
      19.91,
      16.855,
      0.0,
      4.844,
      -7.698,
      1.541,
      2.821,
      -15.185
    ],
    [
      -11.674,
      10.123,
      -3.57,
      -4.844,
      0.0,
      -15.541,
      -6.104,
      -8.007,
      -23.784
    ],
    [
      -3.024,
      23.736,
      9.587,
      7.698,
      15.541,
      0.0,
      37.721,
      8.492,
      7.746
    ],
    [
      16.998,
      18.949,
      -2.128,
      -1.541,
      6.104,
      -37.721,
      0.0,
      -17.723,
      5.573
    ],
    [
      6.851,
      21.866,
      5.146,
      -2.821,
      8.007,
      -8.492,
      17.723,
      0.0,
      -4.656
    ],
    [
      3.289,
      24.279,
      8.605,
      15.185,
      23.784,
      -7.746,
      -5.573,
      4.656,
      0.0
    ]
  ]
}
