{
  "createdAt": "2026-05-07T07:45:52Z",
  "gamesPerMatch": 500,
  "goalDiffMatrix": [
    [
      0.0,
      689.0,
      313.0,
      -491.0,
      576.0,
      116.0,
      -1024.0,
      -397.0,
      -254.0
    ],
    [
      -689.0,
      0.0,
      101.0,
      -490.0,
      -99.0,
      -421.0,
      -951.0,
      -708.0,
      -552.0
    ],
    [
      -313.0,
      -101.0,
      0.0,
      -435.0,
      133.0,
      -337.0,
      189.0,
      -232.0,
      -397.0
    ],
    [
      491.0,
      490.0,
      435.0,
      0.0,
      337.0,
      -80.0,
      167.0,
      179.0,
      -619.0
    ],
    [
      -576.0,
      99.0,
      -133.0,
      -337.0,
      0.0,
      -289.0,
      327.0,
      -197.0,
      -873.0
    ],
    [
      -116.0,
      421.0,
      337.0,
      80.0,
      289.0,
      0.0,
      1407.0,
      266.0,
      12.0
    ],
    [
      1024.0,
      951.0,
      -189.0,
      -167.0,
      -327.0,
      -1407.0,
      0.0,
      -878.0,
      288.0
    ],
    [
      397.0,
      708.0,
      232.0,
      -179.0,
      197.0,
      -266.0,
      878.0,
      0.0,
      -325.0
    ],
    [
      254.0,
      552.0,
      397.0,
      619.0,
      873.0,
      -12.0,
      -288.0,
      325.0,
      0.0
    ]
  ],
  "pointsMatrix": [
    [
      0.0,
      280.0,
      266.0,
      31.0,
      292.0,
      200.0,
      13.0,
      30.0,
      79.0
    ],
    [
      16.0,
      0.0,
      204.0,
      17.0,
      83.0,
      14.0,
      8.0,
      3.0,
      21.0
    ],
    [
      26.0,
      81.0,
      0.0,
      16.0,
      187.0,
      29.0,
      218.0,
      38.0,
      7.0
    ],
    [
      262.0,
      281.0,
      280.0,
      0.0,
      252.0,
      198.0,
      189.0,
      217.0,
      14.0
    ],
    [
      7.0,
      203.0,
      106.0,
      45.0,
      0.0,
      45.0,
      307.0,
      77.0,
      4.0
    ],
    [
      92.0,
      284.0,
      266.0,
      288.0,
      249.0,
      0.0,
      294.0,
      239.0,
      176.0
    ],
    [
      286.0,
      290.0,
      71.0,
      99.0,
      208.0,
      3.0,
      0.0,
      8.0,
      187.0
    ],
    [
      264.0,
      297.0,
      251.0,
      76.0,
      212.0,
      50.0,
      290.0,
      0.0,
      50.0
    ],
    [
      214.0,
      276.0,
      289.0,
      284.0,
      295.0,
      179.0,
      103.0,
      239.0,
      0.0
    ]
  ],
  "rankings": [
    {
      "draws": 94,
      "goalDiff": 2696.0,
      "losses": 208,
      "points": 1888.0,
      "rank": 1,
      "team": "mirage-sc",
      "wins": 598,
      "zSum": 66.163
    },
    {
      "draws": 58,
      "goalDiff": 2720.0,
      "losses": 160,
      "points": 1879.0,
      "rank": 2,
      "team": "tempest-united",
      "wins": 607,
      "zSum": 83.12
    },
    {
      "draws": 76,
      "goalDiff": 1400.0,
      "losses": 260,
      "points": 1693.0,
      "rank": 3,
      "team": "glacier-fc",
      "wins": 539,
      "zSum": 41.021
    },
    {
      "draws": 59,
      "goalDiff": 1642.0,
      "losses": 264,
      "points": 1490.0,
      "rank": 4,
      "team": "phoenix-rovers",
      "wins": 477,
      "zSum": 46.00399999999999
    },
    {
      "draws": 42,
      "goalDiff": -472.0,
      "losses": 375,
      "points": 1191.0,
      "rank": 5,
      "team": "aurora-fc",
      "wins": 383,
      "zSum": 6.078000000000003
    },
    {
      "draws": 51,
      "goalDiff": -705.0,
      "losses": 457,
      "points": 1152.0,
      "rank": 6,
      "team": "nebula-rangers",
      "wins": 367,
      "zSum": -12.394000000000002
    },
    {
      "draws": 53,
      "goalDiff": -1979.0,
      "losses": 575,
      "points": 794.0,
      "rank": 7,
      "team": "granite-athletic",
      "wins": 247,
      "zSum": -63.70499999999999
    },
    {
      "draws": 65,
      "goalDiff": -1493.0,
      "losses": 556,
      "points": 602.0,
      "rank": 8,
      "team": "forge-fc",
      "wins": 179,
      "zSum": -61.539
    },
    {
      "draws": 42,
      "goalDiff": -3809.0,
      "losses": 650,
      "points": 366.0,
      "rank": 9,
      "team": "eclipse-town",
      "wins": 108,
      "zSum": -104.748
    }
  ],
  "teams": [
    "aurora-fc",
    "eclipse-town",
    "forge-fc",
    "glacier-fc",
    "granite-athletic",
    "mirage-sc",
    "nebula-rangers",
    "phoenix-rovers",
    "tempest-united"
  ],
  "type": "v6-round-robin",
  "zScoreMatrix": [
    [
      0.0,
      16.333,
      11.811,
      -11.566,
      18.014,
      3.844,
      -14.931,
      -11.142,
      -6.285
    ],
    [
      -16.333,
      0.0,
      4.875,
      -14.346,
      -4.059,
      -15.09,
      -19.856,
      -25.105,
      -14.834
    ],
    [
      -11.811,
      -4.875,
      0.0,
      -15.219,
      4.367,
      -12.644,
      6.692,
      -10.539,
      -17.51
    ],
    [
      11.566,
      14.346,
      15.219,
      0.0,
      9.874,
      -2.554,
      3.436,
      5.201,
      -16.067
    ],
    [
      -18.014,
      4.059,
      -4.367,
      -9.874,
      0.0,
      -8.875,
      4.014,
      -6.233,
      -24.415
    ],
    [
      -3.844,
      15.09,
      12.644,
      2.554,
      8.875,
      0.0,
      20.767,
      9.713,
      0.364
    ],
    [
      14.931,
      19.856,
      -6.692,
      -3.436,
      -4.014,
      -20.767,
      0.0,
      -17.754,
      5.482
    ],
    [
      11.142,
      25.105,
      10.539,
      -5.201,
      6.233,
      -9.713,
      17.754,
      0.0,
      -9.855
    ],
    [
      6.285,
      14.834,
      17.51,
      16.067,
      24.415,
      -0.364,
      -5.482,
      9.855,
      0.0
    ]
  ]
}
