{
  "createdAt": "2026-05-06T17:59:48Z",
  "gamesPerMatch": 10000,
  "goalDiffMatrix": [
    [
      0.0,
      493.0,
      308.0,
      -502.0,
      583.0,
      109.0,
      501.0,
      -351.0,
      306.0
    ],
    [
      -493.0,
      0.0,
      -66.0,
      -695.0,
      -223.0,
      -388.0,
      -758.0,
      -1194.0,
      -111.0
    ],
    [
      -308.0,
      66.0,
      0.0,
      -406.0,
      157.0,
      -339.0,
      -229.0,
      -185.0,
      1.0
    ],
    [
      502.0,
      695.0,
      406.0,
      0.0,
      363.0,
      -91.0,
      -508.0,
      159.0,
      502.0
    ],
    [
      -583.0,
      223.0,
      -157.0,
      -363.0,
      0.0,
      -260.0,
      171.0,
      -196.0,
      -61.0
    ],
    [
      -109.0,
      388.0,
      339.0,
      91.0,
      260.0,
      0.0,
      -131.0,
      304.0,
      201.0
    ],
    [
      -501.0,
      758.0,
      229.0,
      508.0,
      -171.0,
      131.0,
      0.0,
      -662.0,
      651.0
    ],
    [
      351.0,
      1194.0,
      185.0,
      -159.0,
      196.0,
      -304.0,
      662.0,
      0.0,
      190.0
    ],
    [
      -306.0,
      111.0,
      -1.0,
      -502.0,
      61.0,
      -201.0,
      -651.0,
      -190.0,
      0.0
    ]
  ],
  "pointsMatrix": [
    [
      0.0,
      271.0,
      267.0,
      19.0,
      293.0,
      188.0,
      265.0,
      66.0,
      258.0
    ],
    [
      22.0,
      0.0,
      102.0,
      18.0,
      21.0,
      6.0,
      4.0,
      0.0,
      129.0
    ],
    [
      24.0,
      180.0,
      0.0,
      22.0,
      193.0,
      35.0,
      63.0,
      54.0,
      319.0
    ],
    [
      274.0,
      279.0,
      274.0,
      0.0,
      256.0,
      420.0,
      38.0,
      208.0,
      283.0
    ],
    [
      5.0,
      273.0,
      94.0,
      37.0,
      0.0,
      48.0,
      571.0,
      72.0,
      103.0
    ],
    [
      101.0,
      288.0,
      260.0,
      555.0,
      246.0,
      0.0,
      192.0,
      260.0,
      254.0
    ],
    [
      28.0,
      295.0,
      231.0,
      254.0,
      433.0,
      303.0,
      0.0,
      10.0,
      287.0
    ],
    [
      225.0,
      300.0,
      231.0,
      79.0,
      216.0,
      32.0,
      289.0,
      0.0,
      237.0
    ],
    [
      39.0,
      222.0,
      313.0,
      13.0,
      178.0,
      26.0,
      8.0,
      54.0,
      0.0
    ]
  ],
  "rankings": [
    {
      "draws": 161,
      "goalDiff": 1343.0,
      "losses": 299,
      "points": 2156.0,
      "rank": 1,
      "team": "mirage-sc",
      "wins": 665,
      "zSum": 57.643
    },
    {
      "draws": 121,
      "goalDiff": 2028.0,
      "losses": 292,
      "points": 2032.0,
      "rank": 2,
      "team": "glacier-fc",
      "wins": 637,
      "zSum": 64.556
    },
    {
      "draws": 104,
      "goalDiff": 943.0,
      "losses": 442,
      "points": 1841.0,
      "rank": 3,
      "team": "nebula-rangers",
      "wins": 579,
      "zSum": 20.768
    },
    {
      "draws": 55,
      "goalDiff": 1447.0,
      "losses": 221,
      "points": 1627.0,
      "rank": 4,
      "team": "aurora-fc",
      "wins": 524,
      "zSum": 48.26599999999999
    },
    {
      "draws": 67,
      "goalDiff": 2315.0,
      "losses": 219,
      "points": 1609.0,
      "rank": 5,
      "team": "phoenix-rovers",
      "wins": 514,
      "zSum": 73.292
    },
    {
      "draws": 111,
      "goalDiff": -1226.0,
      "losses": 575,
      "points": 1203.0,
      "rank": 6,
      "team": "granite-athletic",
      "wins": 364,
      "zSum": -39.242
    },
    {
      "draws": 113,
      "goalDiff": -1243.0,
      "losses": 553,
      "points": 890.0,
      "rank": 7,
      "team": "forge-fc",
      "wins": 259,
      "zSum": -46.558
    },
    {
      "draws": 127,
      "goalDiff": -1679.0,
      "losses": 581,
      "points": 853.0,
      "rank": 8,
      "team": "tempest-united",
      "wins": 242,
      "zSum": -50.053
    },
    {
      "draws": 65,
      "goalDiff": -3928.0,
      "losses": 681,
      "points": 302.0,
      "rank": 9,
      "team": "eclipse-town",
      "wins": 79,
      "zSum": -128.672
    }
  ],
  "teams": [
    "aurora-fc",
    "eclipse-town",
    "forge-fc",
    "glacier-fc",
    "granite-athletic",
    "mirage-sc",
    "nebula-rangers",
    "phoenix-rovers",
    "tempest-united"
  ],
  "type": "v6-round-robin",
  "zScoreMatrix": [
    [
      0.0,
      13.53,
      12.196,
      -12.88,
      19.0,
      2.958,
      12.217,
      -8.463,
      9.708
    ],
    [
      -13.53,
      0.0,
      -3.488,
      -19.086,
      -12.22,
      -19.289,
      -19.304,
      -37.613,
      -4.142
    ],
    [
      -12.196,
      3.488,
      0.0,
      -13.699,
      5.149,
      -13.192,
      -7.414,
      -8.728,
      0.034
    ],
    [
      12.88,
      19.086,
      13.699,
      0.0,
      11.414,
      -2.127,
      -10.297,
      4.854,
      15.047
    ],
    [
      -19.0,
      12.22,
      -5.149,
      -11.414,
      0.0,
      -8.731,
      2.701,
      -6.948,
      -2.921
    ],
    [
      -2.958,
      19.289,
      13.192,
      2.127,
      8.731,
      0.0,
      -4.396,
      10.859,
      10.799
    ],
    [
      -12.217,
      19.304,
      7.414,
      10.297,
      -2.701,
      4.396,
      0.0,
      -18.939,
      13.214
    ],
    [
      8.463,
      37.613,
      8.728,
      -4.854,
      6.948,
      -10.859,
      18.939,
      0.0,
      8.314
    ],
    [
      -9.708,
      4.142,
      -0.034,
      -15.047,
      2.921,
      -10.799,
      -13.214,
      -8.314,
      0.0
    ]
  ]
}
