{
  "createdAt": "2026-05-06T02:45:33Z",
  "gamesPerMatch": 10000,
  "goalDiffMatrix": [
    [
      0.0,
      505.0,
      305.0,
      -460.0,
      610.0,
      348.0,
      451.0,
      -413.0,
      342.0
    ],
    [
      -505.0,
      0.0,
      -74.0,
      -697.0,
      -200.0,
      -164.0,
      -784.0,
      -1222.0,
      -145.0
    ],
    [
      -305.0,
      74.0,
      0.0,
      -498.0,
      168.0,
      -224.0,
      -232.0,
      -214.0,
      3.0
    ],
    [
      460.0,
      697.0,
      498.0,
      0.0,
      335.0,
      248.0,
      -505.0,
      218.0,
      476.0
    ],
    [
      -610.0,
      200.0,
      -168.0,
      -335.0,
      0.0,
      -122.0,
      146.0,
      -262.0,
      -60.0
    ],
    [
      -348.0,
      164.0,
      224.0,
      -248.0,
      122.0,
      0.0,
      -216.0,
      -63.0,
      77.0
    ],
    [
      -451.0,
      784.0,
      232.0,
      505.0,
      -146.0,
      216.0,
      0.0,
      -625.0,
      662.0
    ],
    [
      413.0,
      1222.0,
      214.0,
      -218.0,
      262.0,
      63.0,
      625.0,
      0.0,
      245.0
    ],
    [
      -342.0,
      145.0,
      -3.0,
      -476.0,
      60.0,
      -77.0,
      -662.0,
      -245.0,
      0.0
    ]
  ],
  "pointsMatrix": [
    [
      0.0,
      276.0,
      269.0,
      33.0,
      289.0,
      263.0,
      254.0,
      42.0,
      262.0
    ],
    [
      21.0,
      0.0,
      101.0,
      16.0,
      37.0,
      30.0,
      6.0,
      0.0,
      73.0
    ],
    [
      23.0,
      182.0,
      0.0,
      9.0,
      204.0,
      36.0,
      61.0,
      60.0,
      173.0
    ],
    [
      261.0,
      280.0,
      285.0,
      0.0,
      247.0,
      244.0,
      42.0,
      214.0,
      287.0
    ],
    [
      7.0,
      253.0,
      81.0,
      49.0,
      0.0,
      78.0,
      697.0,
      45.0,
      192.0
    ],
    [
      29.0,
      252.0,
      255.0,
      49.0,
      204.0,
      0.0,
      785.0,
      106.0,
      187.0
    ],
    [
      41.0,
      294.0,
      235.0,
      255.0,
      526.0,
      959.0,
      0.0,
      3.0,
      284.0
    ],
    [
      249.0,
      300.0,
      225.0,
      76.0,
      249.0,
      172.0,
      294.0,
      0.0,
      236.0
    ],
    [
      28.0,
      214.0,
      170.0,
      8.0,
      297.0,
      85.0,
      11.0,
      50.0,
      0.0
    ]
  ],
  "rankings": [
    {
      "draws": 203,
      "goalDiff": 1177.0,
      "losses": 649,
      "points": 2597.0,
      "rank": 1,
      "team": "nebula-rangers",
      "wins": 798,
      "zSum": 22.011000000000003
    },
    {
      "draws": 241,
      "goalDiff": -288.0,
      "losses": 542,
      "points": 1867.0,
      "rank": 2,
      "team": "mirage-sc",
      "wins": 542,
      "zSum": 1.5479999999999992
    },
    {
      "draws": 45,
      "goalDiff": 2427.0,
      "losses": 150,
      "points": 1860.0,
      "rank": 3,
      "team": "glacier-fc",
      "wins": 605,
      "zSum": 78.238
    },
    {
      "draws": 79,
      "goalDiff": 2826.0,
      "losses": 147,
      "points": 1801.0,
      "rank": 4,
      "team": "phoenix-rovers",
      "wins": 574,
      "zSum": 94.602
    },
    {
      "draws": 53,
      "goalDiff": 1688.0,
      "losses": 202,
      "points": 1688.0,
      "rank": 5,
      "team": "aurora-fc",
      "wins": 545,
      "zSum": 57.074
    },
    {
      "draws": 145,
      "goalDiff": -1211.0,
      "losses": 636,
      "points": 1402.0,
      "rank": 6,
      "team": "granite-athletic",
      "wins": 419,
      "zSum": -37.004999999999995
    },
    {
      "draws": 143,
      "goalDiff": -1600.0,
      "losses": 517,
      "points": 863.0,
      "rank": 7,
      "team": "tempest-united",
      "wins": 240,
      "zSum": -44.70399999999999
    },
    {
      "draws": 106,
      "goalDiff": -1228.0,
      "losses": 505,
      "points": 748.0,
      "rank": 8,
      "team": "forge-fc",
      "wins": 214,
      "zSum": -47.893
    },
    {
      "draws": 65,
      "goalDiff": -3791.0,
      "losses": 662,
      "points": 284.0,
      "rank": 9,
      "team": "eclipse-town",
      "wins": 73,
      "zSum": -123.871
    }
  ],
  "teams": [
    "aurora-fc",
    "eclipse-town",
    "forge-fc",
    "glacier-fc",
    "granite-athletic",
    "mirage-sc",
    "nebula-rangers",
    "phoenix-rovers",
    "tempest-united"
  ],
  "type": "v6-round-robin",
  "zScoreMatrix": [
    [
      0.0,
      14.129,
      11.77,
      -11.573,
      17.188,
      12.86,
      11.506,
      -9.998,
      11.192
    ],
    [
      -14.129,
      0.0,
      -3.596,
      -16.12,
      -11.021,
      -10.83,
      -21.724,
      -40.821,
      -5.63
    ],
    [
      -11.77,
      3.596,
      0.0,
      -18.623,
      5.81,
      -10.344,
      -7.8,
      -8.903,
      0.141
    ],
    [
      11.573,
      16.12,
      18.623,
      0.0,
      9.579,
      10.255,
      -9.542,
      6.456,
      15.174
    ],
    [
      -17.188,
      11.021,
      -5.81,
      -9.579,
      0.0,
      -5.958,
      2.145,
      -9.266,
      -2.37
    ],
    [
      -12.86,
      10.83,
      10.344,
      -10.255,
      5.958,
      0.0,
      -3.934,
      -3.383,
      4.848
    ],
    [
      -11.506,
      21.724,
      7.8,
      9.542,
      -2.145,
      3.934,
      0.0,
      -19.918,
      12.58
    ],
    [
      9.998,
      40.821,
      8.903,
      -6.456,
      9.266,
      3.383,
      19.918,
      0.0,
      8.769
    ],
    [
      -11.192,
      5.63,
      -0.141,
      -15.174,
      2.37,
      -4.848,
      -12.58,
      -8.769,
      0.0
    ]
  ]
}
