{
  "createdAt": "2026-05-07T05:53:34Z",
  "gamesPerMatch": 500,
  "goalDiffMatrix": [
    [
      0.0,
      600.0,
      291.0,
      -505.0,
      573.0,
      123.0,
      376.0,
      -359.0,
      -188.0
    ],
    [
      -600.0,
      0.0,
      103.0,
      -479.0,
      -68.0,
      -436.0,
      354.0,
      -779.0,
      -557.0
    ],
    [
      -291.0,
      -103.0,
      0.0,
      -439.0,
      162.0,
      -337.0,
      -192.0,
      -218.0,
      -445.0
    ],
    [
      505.0,
      479.0,
      439.0,
      0.0,
      410.0,
      -24.0,
      577.0,
      162.0,
      -639.0
    ],
    [
      -573.0,
      68.0,
      -162.0,
      -410.0,
      0.0,
      -267.0,
      12.0,
      -216.0,
      -918.0
    ],
    [
      -123.0,
      436.0,
      337.0,
      24.0,
      267.0,
      0.0,
      660.0,
      313.0,
      26.0
    ],
    [
      -376.0,
      -354.0,
      192.0,
      -577.0,
      -12.0,
      -660.0,
      0.0,
      -1057.0,
      -160.0
    ],
    [
      359.0,
      779.0,
      218.0,
      -162.0,
      216.0,
      -313.0,
      1057.0,
      0.0,
      -276.0
    ],
    [
      188.0,
      557.0,
      445.0,
      639.0,
      918.0,
      -26.0,
      160.0,
      276.0,
      0.0
    ]
  ],
  "pointsMatrix": [
    [
      0.0,
      268.0,
      246.0,
      40.0,
      293.0,
      188.0,
      268.0,
      56.0,
      95.0
    ],
    [
      28.0,
      0.0,
      210.0,
      10.0,
      94.0,
      15.0,
      255.0,
      0.0,
      10.0
    ],
    [
      42.0,
      75.0,
      0.0,
      7.0,
      208.0,
      19.0,
      63.0,
      35.0,
      12.0
    ],
    [
      256.0,
      286.0,
      289.0,
      0.0,
      272.0,
      103.0,
      267.0,
      180.0,
      23.0
    ],
    [
      5.0,
      184.0,
      79.0,
      23.0,
      0.0,
      55.0,
      178.0,
      69.0,
      4.0
    ],
    [
      98.0,
      282.0,
      274.0,
      175.0,
      235.0,
      0.0,
      297.0,
      249.0,
      192.0
    ],
    [
      25.0,
      39.0,
      225.0,
      30.0,
      178.0,
      3.0,
      0.0,
      0.0,
      302.0
    ],
    [
      239.0,
      300.0,
      251.0,
      102.0,
      222.0,
      42.0,
      300.0,
      0.0,
      74.0
    ],
    [
      197.0,
      286.0,
      285.0,
      272.0,
      295.0,
      177.0,
      413.0,
      215.0,
      0.0
    ]
  ],
  "rankings": [
    {
      "draws": 73,
      "goalDiff": 3157.0,
      "losses": 213,
      "points": 2140.0,
      "rank": 1,
      "team": "tempest-united",
      "wins": 689,
      "zSum": 88.63800000000002
    },
    {
      "draws": 71,
      "goalDiff": 1940.0,
      "losses": 177,
      "points": 1802.0,
      "rank": 2,
      "team": "mirage-sc",
      "wins": 577,
      "zSum": 72.92599999999999
    },
    {
      "draws": 65,
      "goalDiff": 1909.0,
      "losses": 198,
      "points": 1676.0,
      "rank": 3,
      "team": "glacier-fc",
      "wins": 537,
      "zSum": 55.07900000000001
    },
    {
      "draws": 66,
      "goalDiff": 1878.0,
      "losses": 246,
      "points": 1530.0,
      "rank": 4,
      "team": "phoenix-rovers",
      "wins": 488,
      "zSum": 59.616
    },
    {
      "draws": 56,
      "goalDiff": 911.0,
      "losses": 278,
      "points": 1454.0,
      "rank": 5,
      "team": "aurora-fc",
      "wins": 466,
      "zSum": 34.693
    },
    {
      "draws": 82,
      "goalDiff": -3004.0,
      "losses": 653,
      "points": 802.0,
      "rank": 6,
      "team": "nebula-rangers",
      "wins": 240,
      "zSum": -85.715
    },
    {
      "draws": 58,
      "goalDiff": -2462.0,
      "losses": 554,
      "points": 622.0,
      "rank": 7,
      "team": "eclipse-town",
      "wins": 188,
      "zSum": -74.077
    },
    {
      "draws": 81,
      "goalDiff": -2466.0,
      "losses": 572,
      "points": 597.0,
      "rank": 8,
      "team": "granite-athletic",
      "wins": 172,
      "zSum": -76.191
    },
    {
      "draws": 80,
      "goalDiff": -1863.0,
      "losses": 593,
      "points": 461.0,
      "rank": 9,
      "team": "forge-fc",
      "wins": 127,
      "zSum": -74.96900000000001
    }
  ],
  "teams": [
    "aurora-fc",
    "eclipse-town",
    "forge-fc",
    "glacier-fc",
    "granite-athletic",
    "mirage-sc",
    "nebula-rangers",
    "phoenix-rovers",
    "tempest-united"
  ],
  "type": "v6-round-robin",
  "zScoreMatrix": [
    [
      0.0,
      13.603,
      10.6,
      -10.294,
      18.52,
      4.275,
      11.949,
      -9.801,
      -4.159
    ],
    [
      -13.603,
      0.0,
      5.44,
      -14.933,
      -2.618,
      -17.695,
      9.424,
      -24.215,
      -15.877
    ],
    [
      -10.6,
      -5.44,
      0.0,
      -15.952,
      5.651,
      -14.439,
      -7.255,
      -9.276,
      -17.658
    ],
    [
      10.294,
      14.933,
      15.952,
      0.0,
      11.831,
      -1.111,
      12.969,
      4.053,
      -13.842
    ],
    [
      -18.52,
      2.618,
      -5.651,
      -11.831,
      0.0,
      -8.61,
      0.471,
      -7.601,
      -27.067
    ],
    [
      -4.275,
      17.695,
      14.439,
      1.111,
      8.61,
      0.0,
      23.423,
      11.317,
      0.606
    ],
    [
      -11.949,
      -9.424,
      7.255,
      -12.969,
      -0.471,
      -23.423,
      0.0,
      -31.703,
      -3.031
    ],
    [
      9.801,
      24.215,
      9.276,
      -4.053,
      7.601,
      -11.317,
      31.703,
      0.0,
      -7.61
    ],
    [
      4.159,
      15.877,
      17.658,
      13.842,
      27.067,
      -0.606,
      3.031,
      7.61,
      0.0
    ]
  ]
}
