{
  "createdAt": "2026-05-07T06:58:09Z",
  "gamesPerMatch": 500,
  "goalDiffMatrix": [
    [
      0.0,
      631.0,
      309.0,
      -473.0,
      576.0,
      132.0,
      891.0,
      -369.0,
      -198.0
    ],
    [
      -631.0,
      0.0,
      105.0,
      -429.0,
      -70.0,
      -459.0,
      588.0,
      -726.0,
      -533.0
    ],
    [
      -309.0,
      -105.0,
      0.0,
      -458.0,
      205.0,
      -301.0,
      -136.0,
      -212.0,
      -382.0
    ],
    [
      473.0,
      429.0,
      458.0,
      0.0,
      332.0,
      -75.0,
      455.0,
      185.0,
      -631.0
    ],
    [
      -576.0,
      70.0,
      -205.0,
      -332.0,
      0.0,
      -264.0,
      -543.0,
      -246.0,
      -867.0
    ],
    [
      -132.0,
      459.0,
      301.0,
      75.0,
      264.0,
      0.0,
      80.0,
      240.0,
      7.0
    ],
    [
      -891.0,
      -588.0,
      136.0,
      -455.0,
      543.0,
      -80.0,
      0.0,
      -471.0,
      -1625.0
    ],
    [
      369.0,
      726.0,
      212.0,
      -185.0,
      246.0,
      -240.0,
      471.0,
      0.0,
      -222.0
    ],
    [
      198.0,
      533.0,
      382.0,
      631.0,
      867.0,
      -7.0,
      1625.0,
      222.0,
      0.0
    ]
  ],
  "pointsMatrix": [
    [
      0.0,
      282.0,
      263.0,
      35.0,
      284.0,
      190.0,
      295.0,
      49.0,
      106.0
    ],
    [
      15.0,
      0.0,
      200.0,
      16.0,
      99.0,
      16.0,
      288.0,
      3.0,
      35.0
    ],
    [
      29.0,
      86.0,
      0.0,
      12.0,
      226.0,
      24.0,
      95.0,
      43.0,
      15.0
    ],
    [
      257.0,
      283.0,
      285.0,
      0.0,
      254.0,
      158.0,
      238.0,
      197.0,
      24.0
    ],
    [
      11.0,
      183.0,
      58.0,
      41.0,
      0.0,
      54.0,
      69.0,
      56.0,
      0.0
    ],
    [
      97.0,
      277.0,
      273.0,
      260.0,
      240.0,
      0.0,
      183.0,
      237.0,
      147.0
    ],
    [
      4.0,
      9.0,
      191.0,
      55.0,
      222.0,
      102.0,
      0.0,
      12.0,
      0.0
    ],
    [
      238.0,
      297.0,
      241.0,
      92.0,
      233.0,
      48.0,
      282.0,
      0.0,
      75.0
    ],
    [
      190.0,
      263.0,
      279.0,
      273.0,
      300.0,
      141.0,
      300.0,
      216.0,
      0.0
    ]
  ],
  "rankings": [
    {
      "draws": 36,
      "goalDiff": 4451.0,
      "losses": 122,
      "points": 1962.0,
      "rank": 1,
      "team": "tempest-united",
      "wins": 642,
      "zSum": 115.78499999999998
    },
    {
      "draws": 103,
      "goalDiff": 1294.0,
      "losses": 210,
      "points": 1714.0,
      "rank": 2,
      "team": "mirage-sc",
      "wins": 537,
      "zSum": 48.014
    },
    {
      "draws": 70,
      "goalDiff": 1626.0,
      "losses": 238,
      "points": 1696.0,
      "rank": 3,
      "team": "glacier-fc",
      "wins": 542,
      "zSum": 48.672
    },
    {
      "draws": 81,
      "goalDiff": 1377.0,
      "losses": 244,
      "points": 1506.0,
      "rank": 4,
      "team": "phoenix-rovers",
      "wins": 475,
      "zSum": 44.428999999999995
    },
    {
      "draws": 55,
      "goalDiff": 1499.0,
      "losses": 262,
      "points": 1504.0,
      "rank": 5,
      "team": "aurora-fc",
      "wins": 483,
      "zSum": 44.282
    },
    {
      "draws": 48,
      "goalDiff": -2155.0,
      "losses": 544,
      "points": 672.0,
      "rank": 6,
      "team": "eclipse-town",
      "wins": 208,
      "zSum": -64.074
    },
    {
      "draws": 55,
      "goalDiff": -3431.0,
      "losses": 565,
      "points": 595.0,
      "rank": 7,
      "team": "nebula-rangers",
      "wins": 180,
      "zSum": -86.63399999999999
    },
    {
      "draws": 80,
      "goalDiff": -1698.0,
      "losses": 570,
      "points": 530.0,
      "rank": 8,
      "team": "forge-fc",
      "wins": 150,
      "zSum": -68.85900000000001
    },
    {
      "draws": 70,
      "goalDiff": -2963.0,
      "losses": 596,
      "points": 472.0,
      "rank": 9,
      "team": "granite-athletic",
      "wins": 134,
      "zSum": -81.615
    }
  ],
  "teams": [
    "aurora-fc",
    "eclipse-town",
    "forge-fc",
    "glacier-fc",
    "granite-athletic",
    "mirage-sc",
    "nebula-rangers",
    "phoenix-rovers",
    "tempest-united"
  ],
  "type": "v6-round-robin",
  "zScoreMatrix": [
    [
      0.0,
      15.33,
      12.55,
      -11.841,
      16.598,
      4.364,
      21.095,
      -9.292,
      -4.522
    ],
    [
      -15.33,
      0.0,
      5.105,
      -15.601,
      -2.665,
      -15.908,
      15.49,
      -22.07,
      -13.095
    ],
    [
      -12.55,
      -5.105,
      0.0,
      -14.972,
      6.581,
      -12.622,
      -4.393,
      -9.543,
      -16.255
    ],
    [
      11.841,
      15.601,
      14.972,
      0.0,
      10.857,
      -3.043,
      9.322,
      5.124,
      -16.002
    ],
    [
      -16.598,
      2.665,
      -6.581,
      -10.857,
      0.0,
      -8.212,
      -8.121,
      -8.671,
      -25.24
    ],
    [
      -4.364,
      15.908,
      12.622,
      3.043,
      8.212,
      0.0,
      3.795,
      8.606,
      0.192
    ],
    [
      -21.095,
      -15.49,
      4.393,
      -9.322,
      8.121,
      -3.795,
      0.0,
      -15.043,
      -34.403
    ],
    [
      9.292,
      22.07,
      9.543,
      -5.124,
      8.671,
      -8.606,
      15.043,
      0.0,
      -6.46
    ],
    [
      4.522,
      13.095,
      16.255,
      16.002,
      25.24,
      -0.192,
      34.403,
      6.46,
      0.0
    ]
  ]
}
