{
  "createdAt": "2026-05-06T19:22:51Z",
  "gamesPerMatch": 500,
  "goalDiffMatrix": [
    [
      0.0,
      551.0,
      308.0,
      -462.0,
      596.0,
      159.0,
      457.0,
      -385.0,
      -193.0
    ],
    [
      -551.0,
      0.0,
      118.0,
      -460.0,
      -78.0,
      -444.0,
      167.0,
      -775.0,
      -549.0
    ],
    [
      -308.0,
      -118.0,
      0.0,
      -443.0,
      136.0,
      -352.0,
      -241.0,
      -195.0,
      -373.0
    ],
    [
      462.0,
      460.0,
      443.0,
      0.0,
      331.0,
      -69.0,
      -481.0,
      213.0,
      -699.0
    ],
    [
      -596.0,
      78.0,
      -136.0,
      -331.0,
      0.0,
      -276.0,
      -42.0,
      -176.0,
      -854.0
    ],
    [
      -159.0,
      444.0,
      352.0,
      69.0,
      276.0,
      0.0,
      134.0,
      297.0,
      183.0
    ],
    [
      -457.0,
      -167.0,
      241.0,
      481.0,
      42.0,
      -134.0,
      0.0,
      -646.0,
      -906.0
    ],
    [
      385.0,
      775.0,
      195.0,
      -213.0,
      176.0,
      -297.0,
      646.0,
      0.0,
      -207.0
    ],
    [
      193.0,
      549.0,
      373.0,
      699.0,
      854.0,
      -183.0,
      906.0,
      207.0,
      0.0
    ]
  ],
  "pointsMatrix": [
    [
      0.0,
      255.0,
      267.0,
      37.0,
      289.0,
      203.0,
      258.0,
      36.0,
      83.0
    ],
    [
      36.0,
      0.0,
      224.0,
      20.0,
      99.0,
      17.0,
      180.0,
      0.0,
      14.0
    ],
    [
      27.0,
      62.0,
      0.0,
      16.0,
      199.0,
      23.0,
      62.0,
      39.0,
      16.0
    ],
    [
      259.0,
      269.0,
      274.0,
      0.0,
      244.0,
      452.0,
      43.0,
      194.0,
      16.0
    ],
    [
      7.0,
      186.0,
      91.0,
      49.0,
      0.0,
      54.0,
      143.0,
      75.0,
      1.0
    ],
    [
      83.0,
      281.0,
      269.0,
      593.0,
      237.0,
      0.0,
      562.0,
      260.0,
      752.0
    ],
    [
      33.0,
      102.0,
      227.0,
      253.0,
      149.0,
      427.0,
      0.0,
      5.0,
      18.0
    ],
    [
      261.0,
      300.0,
      249.0,
      95.0,
      213.0,
      29.0,
      293.0,
      0.0,
      74.0
    ],
    [
      209.0,
      284.0,
      280.0,
      283.0,
      298.0,
      671.0,
      279.0,
      212.0,
      0.0
    ]
  ],
  "rankings": [
    {
      "draws": 262,
      "goalDiff": 1596.0,
      "losses": 538,
      "points": 3037.0,
      "rank": 1,
      "team": "mirage-sc",
      "wins": 925,
      "zSum": 51.086000000000006
    },
    {
      "draws": 110,
      "goalDiff": 3598.0,
      "losses": 288,
      "points": 2516.0,
      "rank": 2,
      "team": "tempest-united",
      "wins": 802,
      "zSum": 98.51199999999999
    },
    {
      "draws": 128,
      "goalDiff": 660.0,
      "losses": 406,
      "points": 1751.0,
      "rank": 3,
      "team": "glacier-fc",
      "wins": 541,
      "zSum": 26.545999999999996
    },
    {
      "draws": 65,
      "goalDiff": 1460.0,
      "losses": 252,
      "points": 1514.0,
      "rank": 4,
      "team": "phoenix-rovers",
      "wins": 483,
      "zSum": 47.985000000000014
    },
    {
      "draws": 57,
      "goalDiff": 1031.0,
      "losses": 286,
      "points": 1428.0,
      "rank": 5,
      "team": "aurora-fc",
      "wins": 457,
      "zSum": 31.095
    },
    {
      "draws": 116,
      "goalDiff": -1546.0,
      "losses": 568,
      "points": 1214.0,
      "rank": 6,
      "team": "nebula-rangers",
      "wins": 366,
      "zSum": -35.054
    },
    {
      "draws": 66,
      "goalDiff": -2333.0,
      "losses": 554,
      "points": 606.0,
      "rank": 7,
      "team": "granite-athletic",
      "wins": 180,
      "zSum": -72.91499999999999
    },
    {
      "draws": 71,
      "goalDiff": -2572.0,
      "losses": 556,
      "points": 590.0,
      "rank": 8,
      "team": "eclipse-town",
      "wins": 173,
      "zSum": -73.537
    },
    {
      "draws": 75,
      "goalDiff": -1894.0,
      "losses": 602,
      "points": 444.0,
      "rank": 9,
      "team": "forge-fc",
      "wins": 123,
      "zSum": -73.718
    }
  ],
  "teams": [
    "aurora-fc",
    "eclipse-town",
    "forge-fc",
    "glacier-fc",
    "granite-athletic",
    "mirage-sc",
    "nebula-rangers",
    "phoenix-rovers",
    "tempest-united"
  ],
  "type": "v6-round-robin",
  "zScoreMatrix": [
    [
      0.0,
      11.479,
      11.845,
      -11.685,
      19.181,
      5.116,
      11.731,
      -11.362,
      -5.21
    ],
    [
      -11.479,
      0.0,
      6.398,
      -13.324,
      -2.927,
      -16.786,
      3.921,
      -24.018,
      -15.322
    ],
    [
      -11.845,
      -6.398,
      0.0,
      -14.656,
      4.694,
      -13.402,
      -8.456,
      -8.794,
      -14.861
    ],
    [
      11.685,
      13.324,
      14.656,
      0.0,
      10.138,
      -1.575,
      -9.726,
      5.058,
      -17.014
    ],
    [
      -19.181,
      2.927,
      -4.694,
      -10.138,
      0.0,
      -8.531,
      -1.28,
      -6.1,
      -25.918
    ],
    [
      -5.116,
      16.786,
      13.402,
      1.575,
      8.531,
      0.0,
      2.986,
      10.548,
      2.374
    ],
    [
      -11.731,
      -3.921,
      8.456,
      9.726,
      1.28,
      -2.986,
      0.0,
      -19.114,
      -16.764
    ],
    [
      11.362,
      24.018,
      8.794,
      -5.058,
      6.1,
      -10.548,
      19.114,
      0.0,
      -5.797
    ],
    [
      5.21,
      15.322,
      14.861,
      17.014,
      25.918,
      -2.374,
      16.764,
      5.797,
      0.0
    ]
  ]
}
