{
  "createdAt": "2026-05-05T06:14:20Z",
  "gamesPerMatch": 1000,
  "goalDiffMatrix": [
    [
      0.0,
      1620.0,
      864.0,
      -334.0,
      316.0,
      -573.0,
      835.0,
      -409.0,
      230.0,
      1509.0,
      1242.0,
      1263.0,
      1193.0
    ],
    [
      -1620.0,
      0.0,
      236.0,
      -670.0,
      -659.0,
      -1479.0,
      322.0,
      -1273.0,
      -710.0,
      1229.0,
      1152.0,
      1145.0,
      929.0
    ],
    [
      -864.0,
      -236.0,
      0.0,
      -504.0,
      -462.0,
      -1475.0,
      874.0,
      -264.0,
      -514.0,
      139.0,
      136.0,
      97.0,
      1110.0
    ],
    [
      334.0,
      670.0,
      504.0,
      0.0,
      496.0,
      -854.0,
      -11.0,
      513.0,
      564.0,
      1788.0,
      1721.0,
      1487.0,
      1686.0
    ],
    [
      -316.0,
      659.0,
      462.0,
      -496.0,
      0.0,
      -612.0,
      -215.0,
      -127.0,
      110.0,
      858.0,
      778.0,
      804.0,
      329.0
    ],
    [
      573.0,
      1479.0,
      1475.0,
      854.0,
      612.0,
      0.0,
      1298.0,
      1415.0,
      1141.0,
      2465.0,
      2391.0,
      2363.0,
      2395.0
    ],
    [
      -835.0,
      -322.0,
      -874.0,
      11.0,
      215.0,
      -1298.0,
      0.0,
      -519.0,
      -160.0,
      1535.0,
      1961.0,
      1409.0,
      1753.0
    ],
    [
      409.0,
      1273.0,
      264.0,
      -513.0,
      127.0,
      -1415.0,
      519.0,
      0.0,
      -289.0,
      888.0,
      847.0,
      760.0,
      485.0
    ],
    [
      -230.0,
      710.0,
      514.0,
      -564.0,
      -110.0,
      -1141.0,
      160.0,
      289.0,
      0.0,
      1476.0,
      1665.0,
      1431.0,
      1486.0
    ],
    [
      -1509.0,
      -1229.0,
      -139.0,
      -1788.0,
      -858.0,
      -2465.0,
      -1535.0,
      -888.0,
      -1476.0,
      0.0,
      -0.0,
      -0.0,
      -86.0
    ],
    [
      -1242.0,
      -1152.0,
      -136.0,
      -1721.0,
      -778.0,
      -2391.0,
      -1961.0,
      -847.0,
      -1665.0,
      0.0,
      0.0,
      -0.0,
      -117.0
    ],
    [
      -1263.0,
      -1145.0,
      -97.0,
      -1487.0,
      -804.0,
      -2363.0,
      -1409.0,
      -760.0,
      -1431.0,
      0.0,
      0.0,
      0.0,
      -104.0
    ],
    [
      -1193.0,
      -929.0,
      -1110.0,
      -1686.0,
      -329.0,
      -2395.0,
      -1753.0,
      -485.0,
      -1486.0,
      86.0,
      117.0,
      104.0,
      0.0
    ]
  ],
  "rankings": [
    {
      "goalDiff": 18461.0,
      "rank": 1,
      "team": "mirage-sc",
      "zSum": 319.541
    },
    {
      "goalDiff": 8898.0,
      "rank": 2,
      "team": "glacier-fc",
      "zSum": 161.04
    },
    {
      "goalDiff": 7756.0,
      "rank": 3,
      "team": "aurora-fc",
      "zSum": 225.21
    },
    {
      "goalDiff": 5686.0,
      "rank": 4,
      "team": "tempest-united",
      "zSum": 256.498
    },
    {
      "goalDiff": 3355.0,
      "rank": 5,
      "team": "phoenix-rovers",
      "zSum": 88.906
    },
    {
      "goalDiff": 2876.0,
      "rank": 6,
      "team": "nebula-rangers",
      "zSum": 141.30599999999998
    },
    {
      "goalDiff": 2234.0,
      "rank": 7,
      "team": "granite-athletic",
      "zSum": 118.529
    },
    {
      "goalDiff": -1398.0,
      "rank": 8,
      "team": "eclipse-town",
      "zSum": 15.934000000000012
    },
    {
      "goalDiff": -1963.0,
      "rank": 9,
      "team": "forge-fc",
      "zSum": -75.786
    },
    {
      "goalDiff": -10863.0,
      "rank": 10,
      "team": "v3-baseline",
      "zSum": -300.66
    },
    {
      "goalDiff": -11059.0,
      "rank": 11,
      "team": "v4-baseline",
      "zSum": -259.542
    },
    {
      "goalDiff": -11973.0,
      "rank": 12,
      "team": "v1-baseline",
      "zSum": -340.502
    },
    {
      "goalDiff": -12010.0,
      "rank": 13,
      "team": "v2-baseline",
      "zSum": -350.474
    }
  ],
  "teams": [
    "aurora-fc",
    "eclipse-town",
    "forge-fc",
    "glacier-fc",
    "granite-athletic",
    "mirage-sc",
    "nebula-rangers",
    "phoenix-rovers",
    "tempest-united",
    "v1-baseline",
    "v2-baseline",
    "v3-baseline",
    "v4-baseline"
  ],
  "type": "legacy-round-robin",
  "zScoreMatrix": [
    [
      0.0,
      43.049,
      22.789,
      -8.205,
      8.722,
      -11.152,
      20.338,
      -7.881,
      5.17,
      46.688,
      36.531,
      37.799,
      31.362
    ],
    [
      -43.049,
      0.0,
      7.392,
      -13.995,
      -16.33,
      -33.1,
      2.541,
      -19.005,
      -9.996,
      37.131,
      36.823,
      36.013,
      31.509
    ],
    [
      -22.789,
      -7.392,
      0.0,
      -16.481,
      -15.941,
      -38.719,
      6.167,
      -8.554,
      -10.595,
      5.695,
      5.94,
      5.718,
      21.165
    ],
    [
      8.205,
      13.995,
      16.481,
      0.0,
      10.585,
      -20.484,
      -0.177,
      12.531,
      12.105,
      31.156,
      26.754,
      26.706,
      23.183
    ],
    [
      -8.722,
      16.33,
      15.941,
      -10.585,
      0.0,
      -6.568,
      -3.022,
      -3.621,
      2.989,
      42.246,
      33.338,
      30.026,
      10.177
    ],
    [
      11.152,
      33.1,
      38.719,
      20.484,
      6.568,
      0.0,
      33.17,
      31.618,
      26.698,
      34.321,
      29.737,
      25.461,
      28.513
    ],
    [
      -20.338,
      -2.541,
      -6.167,
      0.177,
      3.022,
      -33.17,
      0.0,
      -9.364,
      -3.171,
      51.116,
      52.263,
      37.359,
      72.12
    ],
    [
      7.881,
      19.005,
      8.554,
      -12.531,
      3.621,
      -31.618,
      9.364,
      0.0,
      -2.779,
      22.658,
      26.936,
      21.405,
      16.41
    ],
    [
      -5.17,
      9.996,
      10.595,
      -12.105,
      -2.989,
      -26.698,
      3.171,
      2.779,
      0.0,
      60.044,
      90.277,
      68.872,
      57.726
    ],
    [
      -46.688,
      -37.131,
      -5.695,
      -31.156,
      -42.246,
      -34.321,
      -51.116,
      -22.658,
      -60.044,
      0.0,
      -0.0,
      -0.0,
      -9.447
    ],
    [
      -36.531,
      -36.823,
      -5.94,
      -26.754,
      -33.338,
      -29.737,
      -52.263,
      -26.936,
      -90.277,
      0.0,
      0.0,
      -0.0,
      -11.875
    ],
    [
      -37.799,
      -36.013,
      -5.718,
      -26.706,
      -30.026,
      -25.461,
      -37.359,
      -21.405,
      -68.872,
      0.0,
      0.0,
      0.0,
      -11.301
    ],
    [
      -31.362,
      -31.509,
      -21.165,
      -23.183,
      -10.177,
      -28.513,
      -72.12,
      -16.41,
      -57.726,
      9.447,
      11.875,
      11.301,
      0.0
    ]
  ]
}
