{
  "createdAt": "2026-05-07T07:34:07Z",
  "gamesPerMatch": 500,
  "goalDiffMatrix": [
    [
      0.0,
      614.0,
      327.0,
      -482.0,
      620.0,
      132.0,
      -974.0,
      -420.0,
      -271.0
    ],
    [
      -614.0,
      0.0,
      83.0,
      -509.0,
      -98.0,
      -424.0,
      -544.0,
      -742.0,
      -511.0
    ],
    [
      -327.0,
      -83.0,
      0.0,
      -476.0,
      194.0,
      -355.0,
      -268.0,
      -221.0,
      -403.0
    ],
    [
      482.0,
      509.0,
      476.0,
      0.0,
      298.0,
      -94.0,
      497.0,
      169.0,
      -712.0
    ],
    [
      -620.0,
      98.0,
      -194.0,
      -298.0,
      0.0,
      -308.0,
      -139.0,
      -223.0,
      -831.0
    ],
    [
      -132.0,
      424.0,
      355.0,
      94.0,
      308.0,
      0.0,
      486.0,
      316.0,
      50.0
    ],
    [
      974.0,
      544.0,
      268.0,
      -497.0,
      139.0,
      -486.0,
      0.0,
      169.0,
      -708.0
    ],
    [
      420.0,
      742.0,
      221.0,
      -169.0,
      223.0,
      -316.0,
      -169.0,
      0.0,
      -305.0
    ],
    [
      271.0,
      511.0,
      403.0,
      712.0,
      831.0,
      -50.0,
      708.0,
      305.0,
      0.0
    ]
  ],
  "pointsMatrix": [
    [
      0.0,
      281.0,
      264.0,
      27.0,
      292.0,
      192.0,
      47.0,
      35.0,
      65.0
    ],
    [
      17.0,
      0.0,
      184.0,
      14.0,
      90.0,
      26.0,
      32.0,
      1.0,
      8.0
    ],
    [
      27.0,
      94.0,
      0.0,
      6.0,
      206.0,
      26.0,
      40.0,
      42.0,
      14.0
    ],
    [
      270.0,
      284.0,
      291.0,
      0.0,
      249.0,
      288.0,
      252.0,
      197.0,
      19.0
    ],
    [
      7.0,
      192.0,
      80.0,
      45.0,
      0.0,
      48.0,
      90.0,
      66.0,
      3.0
    ],
    [
      96.0,
      266.0,
      266.0,
      411.0,
      243.0,
      0.0,
      265.0,
      269.0,
      298.0
    ],
    [
      245.0,
      266.0,
      256.0,
      42.0,
      204.0,
      28.0,
      0.0,
      182.0,
      62.0
    ],
    [
      257.0,
      298.0,
      252.0,
      95.0,
      225.0,
      20.0,
      104.0,
      0.0,
      59.0
    ],
    [
      227.0,
      290.0,
      281.0,
      280.0,
      297.0,
      283.0,
      233.0,
      233.0,
      0.0
    ]
  ],
  "rankings": [
    {
      "draws": 48,
      "goalDiff": 3691.0,
      "losses": 160,
      "points": 2124.0,
      "rank": 1,
      "team": "tempest-united",
      "wins": 692,
      "zSum": 92.15700000000001
    },
    {
      "draws": 125,
      "goalDiff": 1901.0,
      "losses": 262,
      "points": 2114.0,
      "rank": 2,
      "team": "mirage-sc",
      "wins": 663,
      "zSum": 63.18599999999999
    },
    {
      "draws": 80,
      "goalDiff": 1625.0,
      "losses": 280,
      "points": 1850.0,
      "rank": 3,
      "team": "glacier-fc",
      "wins": 590,
      "zSum": 52.811
    },
    {
      "draws": 65,
      "goalDiff": 647.0,
      "losses": 320,
      "points": 1310.0,
      "rank": 4,
      "team": "phoenix-rovers",
      "wins": 415,
      "zSum": 23.917000000000016
    },
    {
      "draws": 52,
      "goalDiff": 403.0,
      "losses": 337,
      "points": 1285.0,
      "rank": 5,
      "team": "nebula-rangers",
      "wins": 411,
      "zSum": 6.257000000000005
    },
    {
      "draws": 51,
      "goalDiff": -454.0,
      "losses": 365,
      "points": 1203.0,
      "rank": 6,
      "team": "aurora-fc",
      "wins": 384,
      "zSum": 8.038999999999998
    },
    {
      "draws": 63,
      "goalDiff": -2515.0,
      "losses": 581,
      "points": 531.0,
      "rank": 7,
      "team": "granite-athletic",
      "wins": 156,
      "zSum": -74.849
    },
    {
      "draws": 71,
      "goalDiff": -1939.0,
      "losses": 601,
      "points": 455.0,
      "rank": 8,
      "team": "forge-fc",
      "wins": 128,
      "zSum": -77.118
    },
    {
      "draws": 57,
      "goalDiff": -3359.0,
      "losses": 638,
      "points": 372.0,
      "rank": 9,
      "team": "eclipse-town",
      "wins": 105,
      "zSum": -94.4
    }
  ],
  "teams": [
    "aurora-fc",
    "eclipse-town",
    "forge-fc",
    "glacier-fc",
    "granite-athletic",
    "mirage-sc",
    "nebula-rangers",
    "phoenix-rovers",
    "tempest-united"
  ],
  "type": "v6-round-robin",
  "zScoreMatrix": [
    [
      0.0,
      14.448,
      12.012,
      -12.697,
      17.297,
      3.986,
      -9.268,
      -11.433,
      -6.306
    ],
    [
      -14.448,
      0.0,
      3.825,
      -15.227,
      -3.377,
      -13.847,
      -11.445,
      -24.577,
      -15.304
    ],
    [
      -12.012,
      -3.825,
      0.0,
      -17.672,
      5.758,
      -12.707,
      -10.999,
      -9.968,
      -15.693
    ],
    [
      12.697,
      15.227,
      17.672,
      0.0,
      9.62,
      -2.636,
      11.196,
      4.269,
      -15.234
    ],
    [
      -17.297,
      3.377,
      -5.758,
      -9.62,
      0.0,
      -9.874,
      -4.464,
      -8.169,
      -23.044
    ],
    [
      -3.986,
      13.847,
      12.707,
      2.636,
      9.874,
      0.0,
      13.732,
      13.341,
      1.035
    ],
    [
      9.268,
      11.445,
      10.999,
      -11.196,
      4.464,
      -13.732,
      0.0,
      4.375,
      -9.366
    ],
    [
      11.433,
      24.577,
      9.968,
      -4.269,
      8.169,
      -13.341,
      -4.375,
      0.0,
      -8.245
    ],
    [
      6.306,
      15.304,
      15.693,
      15.234,
      23.044,
      -1.035,
      9.366,
      8.245,
      0.0
    ]
  ]
}
