{
  "createdAt": "2026-05-07T08:06:02Z",
  "gamesPerMatch": 500,
  "goalDiffMatrix": [
    [
      0.0,
      640.0,
      297.0,
      -419.0,
      594.0,
      133.0,
      -1114.0,
      -400.0,
      -235.0
    ],
    [
      -640.0,
      0.0,
      145.0,
      -438.0,
      -178.0,
      -457.0,
      -956.0,
      -724.0,
      -501.0
    ],
    [
      -297.0,
      -145.0,
      0.0,
      -429.0,
      140.0,
      -359.0,
      -147.0,
      -259.0,
      -400.0
    ],
    [
      419.0,
      438.0,
      429.0,
      0.0,
      395.0,
      -25.0,
      9.0,
      186.0,
      -646.0
    ],
    [
      -594.0,
      178.0,
      -140.0,
      -395.0,
      0.0,
      -308.0,
      -246.0,
      -226.0,
      -832.0
    ],
    [
      -133.0,
      457.0,
      359.0,
      25.0,
      308.0,
      0.0,
      766.0,
      253.0,
      189.0
    ],
    [
      1114.0,
      956.0,
      147.0,
      -9.0,
      246.0,
      -766.0,
      0.0,
      -370.0,
      350.0
    ],
    [
      400.0,
      724.0,
      259.0,
      -186.0,
      226.0,
      -253.0,
      370.0,
      0.0,
      -219.0
    ],
    [
      235.0,
      501.0,
      400.0,
      646.0,
      832.0,
      -189.0,
      -350.0,
      219.0,
      0.0
    ]
  ],
  "pointsMatrix": [
    [
      0.0,
      282.0,
      253.0,
      48.0,
      288.0,
      222.0,
      7.0,
      33.0,
      91.0
    ],
    [
      15.0,
      0.0,
      227.0,
      24.0,
      290.0,
      9.0,
      2.0,
      1.0,
      19.0
    ],
    [
      40.0,
      62.0,
      0.0,
      17.0,
      213.0,
      21.0,
      268.0,
      33.0,
      20.0
    ],
    [
      243.0,
      270.0,
      281.0,
      0.0,
      258.0,
      135.0,
      145.0,
      205.0,
      8.0
    ],
    [
      12.0,
      425.0,
      138.0,
      36.0,
      0.0,
      39.0,
      75.0,
      70.0,
      0.0
    ],
    [
      132.0,
      285.0,
      273.0,
      147.0,
      252.0,
      0.0,
      300.0,
      237.0,
      781.0
    ],
    [
      292.0,
      296.0,
      373.0,
      148.0,
      210.0,
      0.0,
      0.0,
      36.0,
      225.0
    ],
    [
      261.0,
      298.0,
      255.0,
      85.0,
      223.0,
      51.0,
      258.0,
      0.0,
      67.0
    ],
    [
      202.0,
      280.0,
      275.0,
      287.0,
      300.0,
      658.0,
      69.0,
      226.0,
      0.0
    ]
  ],
  "rankings": [
    {
      "draws": 133,
      "goalDiff": 2224.0,
      "losses": 334,
      "points": 2407.0,
      "rank": 1,
      "team": "mirage-sc",
      "wins": 758,
      "zSum": 79.52799999999999
    },
    {
      "draws": 92,
      "goalDiff": 2294.0,
      "losses": 373,
      "points": 2297.0,
      "rank": 2,
      "team": "tempest-united",
      "wins": 735,
      "zSum": 78.52099999999999
    },
    {
      "draws": 71,
      "goalDiff": 1668.0,
      "losses": 351,
      "points": 1580.0,
      "rank": 3,
      "team": "nebula-rangers",
      "wins": 503,
      "zSum": 16.92
    },
    {
      "draws": 63,
      "goalDiff": 1205.0,
      "losses": 243,
      "points": 1545.0,
      "rank": 4,
      "team": "glacier-fc",
      "wins": 494,
      "zSum": 37.409000000000006
    },
    {
      "draws": 61,
      "goalDiff": 1321.0,
      "losses": 260,
      "points": 1498.0,
      "rank": 5,
      "team": "phoenix-rovers",
      "wins": 479,
      "zSum": 44.481
    },
    {
      "draws": 54,
      "goalDiff": -504.0,
      "losses": 381,
      "points": 1224.0,
      "rank": 6,
      "team": "aurora-fc",
      "wins": 390,
      "zSum": 6.425
    },
    {
      "draws": 96,
      "goalDiff": -2563.0,
      "losses": 646,
      "points": 795.0,
      "rank": 7,
      "team": "granite-athletic",
      "wins": 233,
      "zSum": -83.972
    },
    {
      "draws": 101,
      "goalDiff": -1896.0,
      "losses": 658,
      "points": 674.0,
      "rank": 8,
      "team": "forge-fc",
      "wins": 191,
      "zSum": -75.58
    },
    {
      "draws": 65,
      "goalDiff": -3749.0,
      "losses": 711,
      "points": 587.0,
      "rank": 9,
      "team": "eclipse-town",
      "wins": 174,
      "zSum": -103.73200000000001
    }
  ],
  "teams": [
    "aurora-fc",
    "eclipse-town",
    "forge-fc",
    "glacier-fc",
    "granite-athletic",
    "mirage-sc",
    "nebula-rangers",
    "phoenix-rovers",
    "tempest-united"
  ],
  "type": "v6-round-robin",
  "zScoreMatrix": [
    [
      0.0,
      16.051,
      10.961,
      -10.328,
      18.242,
      3.663,
      -16.752,
      -10.43,
      -4.982
    ],
    [
      -16.051,
      0.0,
      7.355,
      -13.716,
      -3.932,
      -18.525,
      -21.192,
      -23.644,
      -14.027
    ],
    [
      -10.961,
      -7.355,
      0.0,
      -16.058,
      4.493,
      -14.605,
      -3.503,
      -11.76,
      -15.831
    ],
    [
      10.328,
      13.716,
      16.058,
      0.0,
      11.167,
      -1.149,
      0.209,
      4.82,
      -17.74
    ],
    [
      -18.242,
      3.932,
      -4.493,
      -11.167,
      0.0,
      -10.654,
      -7.234,
      -8.076,
      -28.038
    ],
    [
      -3.663,
      18.525,
      14.605,
      1.149,
      10.654,
      0.0,
      27.282,
      8.681,
      2.295
    ],
    [
      16.752,
      21.192,
      3.503,
      -0.209,
      7.234,
      -27.282,
      0.0,
      -10.767,
      6.497
    ],
    [
      10.43,
      23.644,
      11.76,
      -4.82,
      8.076,
      -8.681,
      10.767,
      0.0,
      -6.695
    ],
    [
      4.982,
      14.027,
      15.831,
      17.74,
      28.038,
      -2.295,
      -6.497,
      6.695,
      0.0
    ]
  ]
}
