{
  "createdAt": "2026-05-07T07:02:40Z",
  "gamesPerMatch": 500,
  "goalDiffMatrix": [
    [
      0.0,
      542.0,
      297.0,
      -404.0,
      652.0,
      158.0,
      217.0,
      -403.0,
      -221.0
    ],
    [
      -542.0,
      0.0,
      89.0,
      -468.0,
      -125.0,
      -447.0,
      424.0,
      -770.0,
      -579.0
    ],
    [
      -297.0,
      -89.0,
      0.0,
      -466.0,
      119.0,
      -308.0,
      -1.0,
      -196.0,
      -357.0
    ],
    [
      404.0,
      468.0,
      466.0,
      0.0,
      353.0,
      -75.0,
      879.0,
      181.0,
      -618.0
    ],
    [
      -652.0,
      125.0,
      -119.0,
      -353.0,
      0.0,
      -286.0,
      -81.0,
      -256.0,
      -817.0
    ],
    [
      -158.0,
      447.0,
      308.0,
      75.0,
      286.0,
      0.0,
      83.0,
      244.0,
      107.0
    ],
    [
      -217.0,
      -424.0,
      1.0,
      -879.0,
      81.0,
      -83.0,
      0.0,
      -973.0,
      -488.0
    ],
    [
      403.0,
      770.0,
      196.0,
      -181.0,
      256.0,
      -244.0,
      973.0,
      0.0,
      -331.0
    ],
    [
      221.0,
      579.0,
      357.0,
      618.0,
      817.0,
      -107.0,
      488.0,
      331.0,
      0.0
    ]
  ],
  "pointsMatrix": [
    [
      0.0,
      268.0,
      255.0,
      44.0,
      290.0,
      229.0,
      214.0,
      37.0,
      92.0
    ],
    [
      28.0,
      0.0,
      196.0,
      24.0,
      80.0,
      15.0,
      242.0,
      3.0,
      20.0
    ],
    [
      33.0,
      85.0,
      0.0,
      15.0,
      186.0,
      31.0,
      146.0,
      60.0,
      17.0
    ],
    [
      248.0,
      270.0,
      282.0,
      0.0,
      249.0,
      107.0,
      294.0,
      193.0,
      25.0
    ],
    [
      8.0,
      203.0,
      96.0,
      39.0,
      0.0,
      52.0,
      197.0,
      47.0,
      1.0
    ],
    [
      130.0,
      282.0,
      262.0,
      176.0,
      238.0,
      0.0,
      184.0,
      237.0,
      378.0
    ],
    [
      79.0,
      47.0,
      143.0,
      6.0,
      293.0,
      103.0,
      0.0,
      1.0,
      25.0
    ],
    [
      256.0,
      297.0,
      228.0,
      97.0,
      242.0,
      51.0,
      298.0,
      0.0,
      35.0
    ],
    [
      194.0,
      278.0,
      278.0,
      268.0,
      298.0,
      267.0,
      262.0,
      260.0,
      0.0
    ]
  ],
  "rankings": [
    {
      "draws": 77,
      "goalDiff": 3304.0,
      "losses": 172,
      "points": 2105.0,
      "rank": 1,
      "team": "tempest-united",
      "wins": 676,
      "zSum": 95.543
    },
    {
      "draws": 108,
      "goalDiff": 1392.0,
      "losses": 249,
      "points": 1887.0,
      "rank": 2,
      "team": "mirage-sc",
      "wins": 593,
      "zSum": 50.8
    },
    {
      "draws": 63,
      "goalDiff": 2058.0,
      "losses": 202,
      "points": 1668.0,
      "rank": 3,
      "team": "glacier-fc",
      "wins": 535,
      "zSum": 57.292000000000016
    },
    {
      "draws": 58,
      "goalDiff": 1842.0,
      "losses": 260,
      "points": 1504.0,
      "rank": 4,
      "team": "phoenix-rovers",
      "wins": 482,
      "zSum": 52.908
    },
    {
      "draws": 70,
      "goalDiff": 838.0,
      "losses": 302,
      "points": 1429.0,
      "rank": 5,
      "team": "aurora-fc",
      "wins": 453,
      "zSum": 31.127999999999993
    },
    {
      "draws": 91,
      "goalDiff": -2982.0,
      "losses": 582,
      "points": 697.0,
      "rank": 6,
      "team": "nebula-rangers",
      "wins": 202,
      "zSum": -74.935
    },
    {
      "draws": 106,
      "goalDiff": -2439.0,
      "losses": 590,
      "points": 643.0,
      "rank": 7,
      "team": "granite-athletic",
      "wins": 179,
      "zSum": -74.34
    },
    {
      "draws": 62,
      "goalDiff": -2418.0,
      "losses": 556,
      "points": 608.0,
      "rank": 8,
      "team": "eclipse-town",
      "wins": 182,
      "zSum": -73.45700000000001
    },
    {
      "draws": 87,
      "goalDiff": -1595.0,
      "losses": 551,
      "points": 573.0,
      "rank": 9,
      "team": "forge-fc",
      "wins": 162,
      "zSum": -64.93900000000001
    }
  ],
  "teams": [
    "aurora-fc",
    "eclipse-town",
    "forge-fc",
    "glacier-fc",
    "granite-athletic",
    "mirage-sc",
    "nebula-rangers",
    "phoenix-rovers",
    "tempest-united"
  ],
  "type": "v6-round-robin",
  "zScoreMatrix": [
    [
      0.0,
      12.853,
      12.136,
      -9.454,
      19.898,
      4.295,
      6.35,
      -9.694,
      -5.256
    ],
    [
      -12.853,
      0.0,
      4.262,
      -13.866,
      -5.732,
      -16.681,
      9.787,
      -23.153,
      -15.221
    ],
    [
      -12.136,
      -4.262,
      0.0,
      -16.948,
      4.308,
      -12.045,
      -0.043,
      -8.03,
      -15.783
    ],
    [
      9.454,
      13.866,
      16.948,
      0.0,
      10.169,
      -3.355,
      18.842,
      4.79,
      -13.422
    ],
    [
      -19.898,
      5.732,
      -4.308,
      -10.169,
      0.0,
      -9.053,
      -2.893,
      -8.642,
      -25.109
    ],
    [
      -4.295,
      16.681,
      12.045,
      3.355,
      9.053,
      0.0,
      3.893,
      7.858,
      2.21
    ],
    [
      -6.35,
      -9.787,
      0.043,
      -18.842,
      2.893,
      -3.893,
      0.0,
      -27.105,
      -11.894
    ],
    [
      9.694,
      23.153,
      8.03,
      -4.79,
      8.642,
      -7.858,
      27.105,
      0.0,
      -11.068
    ],
    [
      5.256,
      15.221,
      15.783,
      13.422,
      25.109,
      -2.21,
      11.894,
      11.068,
      0.0
    ]
  ]
}
