{
  "createdAt": "2026-05-07T08:00:45Z",
  "gamesPerMatch": 500,
  "goalDiffMatrix": [
    [
      0.0,
      619.0,
      -31.0,
      -30.0,
      -54.0,
      -361.0,
      -1208.0,
      -319.0,
      182.0
    ],
    [
      -619.0,
      0.0,
      -406.0,
      -461.0,
      -456.0,
      -1385.0,
      -1214.0,
      -1168.0,
      -486.0
    ],
    [
      31.0,
      406.0,
      0.0,
      -654.0,
      405.0,
      -1090.0,
      661.0,
      -201.0,
      182.0
    ],
    [
      30.0,
      461.0,
      654.0,
      0.0,
      -284.0,
      -1995.0,
      164.0,
      -942.0,
      -282.0
    ],
    [
      54.0,
      456.0,
      -405.0,
      284.0,
      0.0,
      -1564.0,
      713.0,
      133.0,
      573.0
    ],
    [
      361.0,
      1385.0,
      1090.0,
      1995.0,
      1564.0,
      0.0,
      2891.0,
      1214.0,
      2426.0
    ],
    [
      1208.0,
      1214.0,
      -661.0,
      -164.0,
      -713.0,
      -2891.0,
      0.0,
      -731.0,
      823.0
    ],
    [
      319.0,
      1168.0,
      201.0,
      942.0,
      -133.0,
      -1214.0,
      731.0,
      0.0,
      838.0
    ],
    [
      -182.0,
      486.0,
      -182.0,
      282.0,
      -573.0,
      -2426.0,
      -823.0,
      -838.0,
      0.0
    ]
  ],
  "pointsMatrix": [
    [
      0.0,
      274.0,
      150.0,
      140.0,
      152.0,
      62.0,
      8.0,
      91.0,
      185.0
    ],
    [
      19.0,
      0.0,
      22.0,
      67.0,
      33.0,
      0.0,
      0.0,
      0.0,
      380.0
    ],
    [
      144.0,
      274.0,
      0.0,
      29.0,
      267.0,
      4.0,
      289.0,
      171.0,
      188.0
    ],
    [
      146.0,
      229.0,
      266.0,
      0.0,
      137.0,
      4.0,
      191.0,
      34.0,
      78.0
    ],
    [
      143.0,
      264.0,
      174.0,
      230.0,
      0.0,
      0.0,
      272.0,
      183.0,
      260.0
    ],
    [
      230.0,
      300.0,
      295.0,
      292.0,
      300.0,
      0.0,
      298.0,
      294.0,
      300.0
    ],
    [
      290.0,
      300.0,
      7.0,
      107.0,
      23.0,
      1.0,
      0.0,
      36.0,
      289.0
    ],
    [
      202.0,
      300.0,
      261.0,
      262.0,
      105.0,
      6.0,
      261.0,
      0.0,
      291.0
    ],
    [
      98.0,
      506.0,
      98.0,
      216.0,
      35.0,
      0.0,
      10.0,
      9.0,
      0.0
    ]
  ],
  "rankings": [
    {
      "draws": 14,
      "goalDiff": 12926.0,
      "losses": 21,
      "points": 2309.0,
      "rank": 1,
      "team": "mirage-sc",
      "wins": 765,
      "zSum": 228.95
    },
    {
      "draws": 44,
      "goalDiff": 2852.0,
      "losses": 258,
      "points": 1688.0,
      "rank": 2,
      "team": "phoenix-rovers",
      "wins": 548,
      "zSum": 56.05
    },
    {
      "draws": 47,
      "goalDiff": 244.0,
      "losses": 335,
      "points": 1526.0,
      "rank": 3,
      "team": "granite-athletic",
      "wins": 493,
      "zSum": 9.784
    },
    {
      "draws": 61,
      "goalDiff": -260.0,
      "losses": 404,
      "points": 1366.0,
      "rank": 4,
      "team": "forge-fc",
      "wins": 435,
      "zSum": 6.1789999999999985
    },
    {
      "draws": 47,
      "goalDiff": -2194.0,
      "losses": 432,
      "points": 1085.0,
      "rank": 5,
      "team": "glacier-fc",
      "wins": 346,
      "zSum": -25.815
    },
    {
      "draws": 66,
      "goalDiff": -1202.0,
      "losses": 402,
      "points": 1062.0,
      "rank": 6,
      "team": "aurora-fc",
      "wins": 332,
      "zSum": -12.46
    },
    {
      "draws": 18,
      "goalDiff": -1915.0,
      "losses": 437,
      "points": 1053.0,
      "rank": 7,
      "team": "nebula-rangers",
      "wins": 345,
      "zSum": -26.732000000000006
    },
    {
      "draws": 57,
      "goalDiff": -4256.0,
      "losses": 638,
      "points": 972.0,
      "rank": 8,
      "team": "tempest-united",
      "wins": 305,
      "zSum": -86.05900000000001
    },
    {
      "draws": 32,
      "goalDiff": -6195.0,
      "losses": 805,
      "points": 521.0,
      "rank": 9,
      "team": "eclipse-town",
      "wins": 163,
      "zSum": -149.897
    }
  ],
  "teams": [
    "aurora-fc",
    "eclipse-town",
    "forge-fc",
    "glacier-fc",
    "granite-athletic",
    "mirage-sc",
    "nebula-rangers",
    "phoenix-rovers",
    "tempest-united"
  ],
  "type": "v6-round-robin",
  "zScoreMatrix": [
    [
      0.0,
      14.275,
      -0.782,
      -0.602,
      -0.861,
      -7.519,
      -16.193,
      -5.279,
      4.501
    ],
    [
      -14.275,
      0.0,
      -14.025,
      -7.639,
      -11.839,
      -32.367,
      -33.297,
      -32.335,
      -4.12
    ],
    [
      0.782,
      14.025,
      0.0,
      -12.111,
      4.71,
      -20.478,
      18.117,
      -3.588,
      4.722
    ],
    [
      0.602,
      7.639,
      12.111,
      0.0,
      -4.4,
      -26.916,
      2.635,
      -11.611,
      -5.875
    ],
    [
      0.861,
      11.839,
      -4.71,
      4.4,
      0.0,
      -30.178,
      14.185,
      2.718,
      10.669
    ],
    [
      7.519,
      32.367,
      20.478,
      26.916,
      30.178,
      0.0,
      46.001,
      24.053,
      41.438
    ],
    [
      16.193,
      33.297,
      -18.117,
      -2.635,
      -14.185,
      -46.001,
      0.0,
      -11.863,
      16.579
    ],
    [
      5.279,
      32.335,
      3.588,
      11.611,
      -2.718,
      -24.053,
      11.863,
      0.0,
      18.145
    ],
    [
      -4.501,
      4.12,
      -4.722,
      5.875,
      -10.669,
      -41.438,
      -16.579,
      -18.145,
      0.0
    ]
  ]
}
