{
  "createdAt": "2026-05-07T08:00:02Z",
  "gamesPerMatch": 500,
  "goalDiffMatrix": [
    [
      0.0,
      816.0,
      130.0,
      -334.0,
      -239.0,
      -577.0,
      -1016.0,
      -466.0,
      174.0
    ],
    [
      -816.0,
      0.0,
      -453.0,
      -514.0,
      -813.0,
      -2044.0,
      -1242.0,
      -1319.0,
      -888.0
    ],
    [
      -130.0,
      453.0,
      0.0,
      -560.0,
      -410.0,
      -1126.0,
      528.0,
      -351.0,
      439.0
    ],
    [
      334.0,
      514.0,
      560.0,
      0.0,
      -187.0,
      -3098.0,
      -380.0,
      -326.0,
      -395.0
    ],
    [
      239.0,
      813.0,
      410.0,
      187.0,
      0.0,
      -1073.0,
      741.0,
      278.0,
      545.0
    ],
    [
      577.0,
      2044.0,
      1126.0,
      3098.0,
      1073.0,
      0.0,
      2681.0,
      1408.0,
      2577.0
    ],
    [
      1016.0,
      1242.0,
      -528.0,
      380.0,
      -741.0,
      -2681.0,
      0.0,
      -925.0,
      962.0
    ],
    [
      466.0,
      1319.0,
      351.0,
      326.0,
      -278.0,
      -1408.0,
      925.0,
      0.0,
      503.0
    ],
    [
      -174.0,
      888.0,
      -439.0,
      395.0,
      -545.0,
      -2577.0,
      -962.0,
      -503.0,
      0.0
    ]
  ],
  "pointsMatrix": [
    [
      0.0,
      287.0,
      294.0,
      71.0,
      90.0,
      29.0,
      17.0,
      50.0,
      199.0
    ],
    [
      11.0,
      0.0,
      25.0,
      33.0,
      14.0,
      0.0,
      4.0,
      0.0,
      1.0
    ],
    [
      204.0,
      268.0,
      0.0,
      39.0,
      105.0,
      1.0,
      276.0,
      72.0,
      259.0
    ],
    [
      221.0,
      264.0,
      255.0,
      0.0,
      103.0,
      1.0,
      376.0,
      141.0,
      62.0
    ],
    [
      201.0,
      284.0,
      192.0,
      187.0,
      0.0,
      12.0,
      284.0,
      211.0,
      256.0
    ],
    [
      269.0,
      300.0,
      298.0,
      298.0,
      285.0,
      0.0,
      300.0,
      300.0,
      300.0
    ],
    [
      281.0,
      295.0,
      24.0,
      502.0,
      14.0,
      0.0,
      0.0,
      12.0,
      272.0
    ],
    [
      248.0,
      300.0,
      219.0,
      231.0,
      82.0,
      0.0,
      288.0,
      0.0,
      249.0
    ],
    [
      91.0,
      298.0,
      37.0,
      230.0,
      34.0,
      0.0,
      26.0,
      48.0,
      0.0
    ]
  ],
  "rankings": [
    {
      "draws": 7,
      "goalDiff": 14584.0,
      "losses": 12,
      "points": 2350.0,
      "rank": 1,
      "team": "mirage-sc",
      "wins": 781,
      "zSum": 209.359
    },
    {
      "draws": 46,
      "goalDiff": 2140.0,
      "losses": 227,
      "points": 1627.0,
      "rank": 2,
      "team": "granite-athletic",
      "wins": 527,
      "zSum": 46.569
    },
    {
      "draws": 24,
      "goalDiff": 2204.0,
      "losses": 270,
      "points": 1617.0,
      "rank": 3,
      "team": "phoenix-rovers",
      "wins": 531,
      "zSum": 43.766000000000005
    },
    {
      "draws": 61,
      "goalDiff": -2978.0,
      "losses": 510,
      "points": 1423.0,
      "rank": 4,
      "team": "glacier-fc",
      "wins": 454,
      "zSum": -10.180999999999997
    },
    {
      "draws": 29,
      "goalDiff": -1275.0,
      "losses": 514,
      "points": 1400.0,
      "rank": 5,
      "team": "nebula-rangers",
      "wins": 457,
      "zSum": -23.398000000000003
    },
    {
      "draws": 57,
      "goalDiff": -1157.0,
      "losses": 429,
      "points": 1224.0,
      "rank": 6,
      "team": "forge-fc",
      "wins": 389,
      "zSum": -14.075000000000001
    },
    {
      "draws": 62,
      "goalDiff": -1512.0,
      "losses": 488,
      "points": 1037.0,
      "rank": 7,
      "team": "aurora-fc",
      "wins": 325,
      "zSum": -23.184
    },
    {
      "draws": 38,
      "goalDiff": -3917.0,
      "losses": 520,
      "points": 764.0,
      "rank": 8,
      "team": "tempest-united",
      "wins": 242,
      "zSum": -60.926
    },
    {
      "draws": 16,
      "goalDiff": -8089.0,
      "losses": 760,
      "points": 88.0,
      "rank": 9,
      "team": "eclipse-town",
      "wins": 24,
      "zSum": -167.93
    }
  ],
  "teams": [
    "aurora-fc",
    "eclipse-town",
    "forge-fc",
    "glacier-fc",
    "granite-athletic",
    "mirage-sc",
    "nebula-rangers",
    "phoenix-rovers",
    "tempest-united"
  ],
  "type": "v6-round-robin",
  "zScoreMatrix": [
    [
      0.0,
      17.289,
      2.631,
      -6.881,
      -4.752,
      -12.314,
      -14.269,
      -8.752,
      3.864
    ],
    [
      -17.289,
      0.0,
      -12.795,
      -10.536,
      -16.332,
      -37.671,
      -26.297,
      -29.234,
      -17.776
    ],
    [
      -2.631,
      12.795,
      0.0,
      -11.327,
      -5.117,
      -24.055,
      13.387,
      -7.907,
      10.78
    ],
    [
      6.881,
      10.536,
      11.327,
      0.0,
      -3.744,
      -19.644,
      -3.608,
      -3.871,
      -8.058
    ],
    [
      4.752,
      16.332,
      5.117,
      3.744,
      0.0,
      -15.318,
      15.754,
      4.97,
      11.218
    ],
    [
      12.314,
      37.671,
      24.055,
      19.644,
      15.318,
      0.0,
      35.409,
      27.394,
      37.554
    ],
    [
      14.269,
      26.297,
      -13.387,
      3.608,
      -15.754,
      -35.409,
      0.0,
      -17.41,
      14.388
    ],
    [
      8.752,
      29.234,
      7.907,
      3.871,
      -4.97,
      -27.394,
      17.41,
      0.0,
      8.956
    ],
    [
      -3.864,
      17.776,
      -10.78,
      8.058,
      -11.218,
      -37.554,
      -14.388,
      -8.956,
      0.0
    ]
  ]
}
