{
  "createdAt": "2026-05-07T07:32:57Z",
  "gamesPerMatch": 500,
  "goalDiffMatrix": [
    [
      0.0,
      587.0,
      303.0,
      -417.0,
      565.0,
      170.0,
      -1073.0,
      -357.0,
      -171.0
    ],
    [
      -587.0,
      0.0,
      76.0,
      -501.0,
      -105.0,
      -406.0,
      -956.0,
      -783.0,
      -567.0
    ],
    [
      -303.0,
      -76.0,
      0.0,
      -445.0,
      157.0,
      -330.0,
      -135.0,
      -171.0,
      -413.0
    ],
    [
      417.0,
      501.0,
      445.0,
      0.0,
      342.0,
      -93.0,
      -282.0,
      149.0,
      -654.0
    ],
    [
      -565.0,
      105.0,
      -157.0,
      -342.0,
      0.0,
      -263.0,
      -196.0,
      -228.0,
      -848.0
    ],
    [
      -170.0,
      406.0,
      330.0,
      93.0,
      263.0,
      0.0,
      786.0,
      301.0,
      5.0
    ],
    [
      1073.0,
      956.0,
      135.0,
      282.0,
      196.0,
      -786.0,
      0.0,
      -456.0,
      264.0
    ],
    [
      357.0,
      783.0,
      171.0,
      -149.0,
      228.0,
      -301.0,
      456.0,
      0.0,
      -238.0
    ],
    [
      171.0,
      567.0,
      413.0,
      654.0,
      848.0,
      -5.0,
      -264.0,
      238.0,
      0.0
    ]
  ],
  "pointsMatrix": [
    [
      0.0,
      271.0,
      265.0,
      54.0,
      288.0,
      210.0,
      4.0,
      34.0,
      93.0
    ],
    [
      25.0,
      0.0,
      178.0,
      12.0,
      135.0,
      18.0,
      3.0,
      0.0,
      15.0
    ],
    [
      31.0,
      106.0,
      0.0,
      15.0,
      204.0,
      29.0,
      197.0,
      61.0,
      6.0
    ],
    [
      240.0,
      285.0,
      282.0,
      0.0,
      252.0,
      252.0,
      368.0,
      202.0,
      19.0
    ],
    [
      9.0,
      228.0,
      81.0,
      39.0,
      0.0,
      54.0,
      71.0,
      71.0,
      3.0
    ],
    [
      78.0,
      273.0,
      266.0,
      384.0,
      234.0,
      0.0,
      297.0,
      249.0,
      220.0
    ],
    [
      295.0,
      297.0,
      293.0,
      506.0,
      218.0,
      3.0,
      0.0,
      19.0,
      199.0
    ],
    [
      262.0,
      300.0,
      220.0,
      91.0,
      221.0,
      39.0,
      274.0,
      0.0,
      76.0
    ],
    [
      198.0,
      279.0,
      291.0,
      277.0,
      297.0,
      205.0,
      97.0,
      217.0,
      0.0
    ]
  ],
  "rankings": [
    {
      "draws": 114,
      "goalDiff": 2014.0,
      "losses": 232,
      "points": 2001.0,
      "rank": 1,
      "team": "mirage-sc",
      "wins": 629,
      "zSum": 70.783
    },
    {
      "draws": 97,
      "goalDiff": 825.0,
      "losses": 427,
      "points": 1900.0,
      "rank": 2,
      "team": "glacier-fc",
      "wins": 601,
      "zSum": 32.400000000000006
    },
    {
      "draws": 58,
      "goalDiff": 2622.0,
      "losses": 191,
      "points": 1861.0,
      "rank": 3,
      "team": "tempest-united",
      "wins": 601,
      "zSum": 81.21
    },
    {
      "draws": 84,
      "goalDiff": 1664.0,
      "losses": 409,
      "points": 1830.0,
      "rank": 4,
      "team": "nebula-rangers",
      "wins": 582,
      "zSum": 17.829
    },
    {
      "draws": 64,
      "goalDiff": 1307.0,
      "losses": 263,
      "points": 1483.0,
      "rank": 5,
      "team": "phoenix-rovers",
      "wins": 473,
      "zSum": 43.502
    },
    {
      "draws": 43,
      "goalDiff": -393.0,
      "losses": 365,
      "points": 1219.0,
      "rank": 6,
      "team": "aurora-fc",
      "wins": 392,
      "zSum": 9.476999999999993
    },
    {
      "draws": 100,
      "goalDiff": -1716.0,
      "losses": 592,
      "points": 649.0,
      "rank": 7,
      "team": "forge-fc",
      "wins": 183,
      "zSum": -66.739
    },
    {
      "draws": 70,
      "goalDiff": -2494.0,
      "losses": 593,
      "points": 556.0,
      "rank": 8,
      "team": "granite-athletic",
      "wins": 162,
      "zSum": -80.19
    },
    {
      "draws": 50,
      "goalDiff": -3829.0,
      "losses": 663,
      "points": 386.0,
      "rank": 9,
      "team": "eclipse-town",
      "wins": 112,
      "zSum": -108.27199999999999
    }
  ],
  "teams": [
    "aurora-fc",
    "eclipse-town",
    "forge-fc",
    "glacier-fc",
    "granite-athletic",
    "mirage-sc",
    "nebula-rangers",
    "phoenix-rovers",
    "tempest-united"
  ],
  "type": "v6-round-robin",
  "zScoreMatrix": [
    [
      0.0,
      14.994,
      11.622,
      -9.834,
      19.458,
      5.574,
      -17.066,
      -10.991,
      -4.28
    ],
    [
      -14.994,
      0.0,
      3.663,
      -15.495,
      -3.37,
      -15.428,
      -20.813,
      -25.853,
      -15.982
    ],
    [
      -11.622,
      -3.663,
      0.0,
      -14.919,
      5.2,
      -12.078,
      -3.878,
      -8.051,
      -17.728
    ],
    [
      9.834,
      15.495,
      14.919,
      0.0,
      10.642,
      -2.748,
      -3.827,
      4.198,
      -16.113
    ],
    [
      -19.458,
      3.37,
      -5.2,
      -10.642,
      0.0,
      -8.886,
      -6.423,
      -6.974,
      -25.977
    ],
    [
      -5.574,
      15.428,
      12.078,
      2.748,
      8.886,
      0.0,
      25.589,
      11.494,
      0.134
    ],
    [
      17.066,
      20.813,
      3.878,
      3.827,
      6.423,
      -25.589,
      0.0,
      -13.376,
      4.787
    ],
    [
      10.991,
      25.853,
      8.051,
      -4.198,
      6.974,
      -11.494,
      13.376,
      0.0,
      -6.051
    ],
    [
      4.28,
      15.982,
      17.728,
      16.113,
      25.977,
      -0.134,
      -4.787,
      6.051,
      0.0
    ]
  ]
}
