{
  "createdAt": "2026-05-07T07:31:55Z",
  "gamesPerMatch": 500,
  "goalDiffMatrix": [
    [
      0.0,
      626.0,
      334.0,
      -450.0,
      561.0,
      131.0,
      -567.0,
      -388.0,
      -244.0
    ],
    [
      -626.0,
      0.0,
      84.0,
      -466.0,
      -81.0,
      -442.0,
      -341.0,
      -733.0,
      -545.0
    ],
    [
      -334.0,
      -84.0,
      0.0,
      -407.0,
      178.0,
      -337.0,
      -152.0,
      -249.0,
      -431.0
    ],
    [
      450.0,
      466.0,
      407.0,
      0.0,
      416.0,
      -151.0,
      219.0,
      155.0,
      -602.0
    ],
    [
      -561.0,
      81.0,
      -178.0,
      -416.0,
      0.0,
      -271.0,
      -220.0,
      -179.0,
      -864.0
    ],
    [
      -131.0,
      442.0,
      337.0,
      151.0,
      271.0,
      0.0,
      671.0,
      281.0,
      -47.0
    ],
    [
      567.0,
      341.0,
      152.0,
      -219.0,
      220.0,
      -671.0,
      0.0,
      19.0,
      -693.0
    ],
    [
      388.0,
      733.0,
      249.0,
      -155.0,
      179.0,
      -281.0,
      -19.0,
      0.0,
      -278.0
    ],
    [
      244.0,
      545.0,
      431.0,
      602.0,
      864.0,
      47.0,
      693.0,
      278.0,
      0.0
    ]
  ],
  "pointsMatrix": [
    [
      0.0,
      272.0,
      263.0,
      46.0,
      285.0,
      194.0,
      76.0,
      49.0,
      83.0
    ],
    [
      26.0,
      0.0,
      180.0,
      7.0,
      87.0,
      21.0,
      67.0,
      4.0,
      11.0
    ],
    [
      29.0,
      102.0,
      0.0,
      19.0,
      199.0,
      28.0,
      76.0,
      40.0,
      14.0
    ],
    [
      247.0,
      292.0,
      274.0,
      0.0,
      265.0,
      395.0,
      213.0,
      199.0,
      21.0
    ],
    [
      12.0,
      198.0,
      85.0,
      25.0,
      0.0,
      43.0,
      78.0,
      79.0,
      3.0
    ],
    [
      92.0,
      270.0,
      265.0,
      518.0,
      247.0,
      0.0,
      291.0,
      255.0,
      142.0
    ],
    [
      220.0,
      229.0,
      211.0,
      78.0,
      216.0,
      9.0,
      0.0,
      174.0,
      9.0
    ],
    [
      247.0,
      292.0,
      247.0,
      94.0,
      211.0,
      36.0,
      189.0,
      0.0,
      52.0
    ],
    [
      209.0,
      287.0,
      284.0,
      273.0,
      297.0,
      148.0,
      288.0,
      238.0,
      0.0
    ]
  ],
  "rankings": [
    {
      "draws": 121,
      "goalDiff": 1975.0,
      "losses": 251,
      "points": 2080.0,
      "rank": 1,
      "team": "mirage-sc",
      "wins": 653,
      "zSum": 66.248
    },
    {
      "draws": 41,
      "goalDiff": 3704.0,
      "losses": 98,
      "points": 2024.0,
      "rank": 2,
      "team": "tempest-united",
      "wins": 661,
      "zSum": 97.257
    },
    {
      "draws": 109,
      "goalDiff": 1360.0,
      "losses": 317,
      "points": 1906.0,
      "rank": 3,
      "team": "glacier-fc",
      "wins": 599,
      "zSum": 48.976
    },
    {
      "draws": 69,
      "goalDiff": 816.0,
      "losses": 323,
      "points": 1368.0,
      "rank": 4,
      "team": "phoenix-rovers",
      "wins": 433,
      "zSum": 24.01899999999999
    },
    {
      "draws": 50,
      "goalDiff": 3.0,
      "losses": 344,
      "points": 1268.0,
      "rank": 5,
      "team": "aurora-fc",
      "wins": 406,
      "zSum": 13.901
    },
    {
      "draws": 51,
      "goalDiff": -284.0,
      "losses": 409,
      "points": 1146.0,
      "rank": 6,
      "team": "nebula-rangers",
      "wins": 365,
      "zSum": -14.419000000000004
    },
    {
      "draws": 70,
      "goalDiff": -2608.0,
      "losses": 579,
      "points": 523.0,
      "rank": 7,
      "team": "granite-athletic",
      "wins": 151,
      "zSum": -77.532
    },
    {
      "draws": 84,
      "goalDiff": -1816.0,
      "losses": 575,
      "points": 507.0,
      "rank": 8,
      "team": "forge-fc",
      "wins": 141,
      "zSum": -71.049
    },
    {
      "draws": 55,
      "goalDiff": -3150.0,
      "losses": 629,
      "points": 403.0,
      "rank": 9,
      "team": "eclipse-town",
      "wins": 116,
      "zSum": -87.40100000000001
    }
  ],
  "teams": [
    "aurora-fc",
    "eclipse-town",
    "forge-fc",
    "glacier-fc",
    "granite-athletic",
    "mirage-sc",
    "nebula-rangers",
    "phoenix-rovers",
    "tempest-united"
  ],
  "type": "v6-round-robin",
  "zScoreMatrix": [
    [
      0.0,
      13.498,
      12.196,
      -10.882,
      16.801,
      4.639,
      -7.367,
      -9.754,
      -5.23
    ],
    [
      -13.498,
      0.0,
      3.817,
      -15.844,
      -3.599,
      -14.576,
      -8.124,
      -20.811,
      -14.766
    ],
    [
      -12.196,
      -3.817,
      0.0,
      -15.456,
      5.848,
      -13.409,
      -5.664,
      -10.498,
      -15.857
    ],
    [
      10.882,
      15.844,
      15.456,
      0.0,
      13.08,
      -3.533,
      5.62,
      4.527,
      -12.9
    ],
    [
      -16.801,
      3.599,
      -5.848,
      -13.08,
      0.0,
      -9.235,
      -7.058,
      -6.51,
      -22.599
    ],
    [
      -4.639,
      14.576,
      13.409,
      3.533,
      9.235,
      0.0,
      20.981,
      10.439,
      -1.286
    ],
    [
      7.367,
      8.124,
      5.664,
      -5.62,
      7.058,
      -20.981,
      0.0,
      0.421,
      -16.452
    ],
    [
      9.754,
      20.811,
      10.498,
      -4.527,
      6.51,
      -10.439,
      -0.421,
      0.0,
      -8.167
    ],
    [
      5.23,
      14.766,
      15.857,
      12.9,
      22.599,
      1.286,
      16.452,
      8.167,
      0.0
    ]
  ]
}
