{
  "createdAt": "2026-05-05T11:18:14Z",
  "gamesPerMatch": 1000,
  "goalDiffMatrix": [
    [
      0.0,
      1719.0,
      903.0,
      -261.0,
      383.0,
      -637.0,
      886.0,
      -413.0,
      243.0,
      1467.0,
      1237.0,
      1250.0,
      1117.0
    ],
    [
      -1719.0,
      0.0,
      326.0,
      -676.0,
      -739.0,
      -1460.0,
      52.0,
      -1208.0,
      -490.0,
      1158.0,
      1103.0,
      1106.0,
      834.0
    ],
    [
      -903.0,
      -326.0,
      0.0,
      -474.0,
      -438.0,
      -1422.0,
      3346.0,
      -298.0,
      -595.0,
      146.0,
      124.0,
      125.0,
      1186.0
    ],
    [
      261.0,
      676.0,
      474.0,
      0.0,
      436.0,
      -824.0,
      -219.0,
      473.0,
      694.0,
      1832.0,
      1745.0,
      1509.0,
      1639.0
    ],
    [
      -383.0,
      739.0,
      438.0,
      -436.0,
      0.0,
      -720.0,
      -325.0,
      -163.0,
      -215.0,
      832.0,
      788.0,
      777.0,
      291.0
    ],
    [
      637.0,
      1460.0,
      1422.0,
      824.0,
      720.0,
      0.0,
      1354.0,
      1420.0,
      1280.0,
      2473.0,
      2387.0,
      2244.0,
      2367.0
    ],
    [
      -886.0,
      -52.0,
      -3346.0,
      219.0,
      325.0,
      -1354.0,
      0.0,
      -553.0,
      -302.0,
      1461.0,
      1949.0,
      1449.0,
      1795.0
    ],
    [
      413.0,
      1208.0,
      298.0,
      -473.0,
      163.0,
      -1420.0,
      553.0,
      0.0,
      34.0,
      862.0,
      875.0,
      813.0,
      530.0
    ],
    [
      -243.0,
      490.0,
      595.0,
      -694.0,
      215.0,
      -1280.0,
      302.0,
      -34.0,
      0.0,
      1495.0,
      1825.0,
      1492.0,
      1674.0
    ],
    [
      -1467.0,
      -1158.0,
      -146.0,
      -1832.0,
      -832.0,
      -2473.0,
      -1461.0,
      -862.0,
      -1495.0,
      0.0,
      -0.0,
      -0.0,
      -95.0
    ],
    [
      -1237.0,
      -1103.0,
      -124.0,
      -1745.0,
      -788.0,
      -2387.0,
      -1949.0,
      -875.0,
      -1825.0,
      0.0,
      0.0,
      -0.0,
      -120.0
    ],
    [
      -1250.0,
      -1106.0,
      -125.0,
      -1509.0,
      -777.0,
      -2244.0,
      -1449.0,
      -813.0,
      -1492.0,
      0.0,
      0.0,
      0.0,
      -107.0
    ],
    [
      -1117.0,
      -834.0,
      -1186.0,
      -1639.0,
      -291.0,
      -2367.0,
      -1795.0,
      -530.0,
      -1674.0,
      95.0,
      120.0,
      107.0,
      0.0
    ]
  ],
  "pointsMatrix": [
    [
      0.0,
      300.0,
      300.0,
      86.0,
      240.0,
      29.0,
      287.0,
      83.0,
      209.0,
      300.0,
      300.0,
      300.0,
      300.0
    ],
    [
      0.0,
      0.0,
      254.0,
      18.0,
      8.0,
      0.0,
      221.0,
      7.0,
      28.0,
      300.0,
      300.0,
      300.0,
      298.0
    ],
    [
      0.0,
      41.0,
      0.0,
      20.0,
      16.0,
      0.0,
      636.0,
      49.0,
      12.0,
      198.0,
      186.0,
      184.0,
      300.0
    ],
    [
      212.0,
      282.0,
      278.0,
      0.0,
      247.0,
      7.0,
      470.0,
      254.0,
      288.0,
      300.0,
      300.0,
      300.0,
      300.0
    ],
    [
      57.0,
      290.0,
      280.0,
      49.0,
      0.0,
      74.0,
      713.0,
      206.0,
      98.0,
      300.0,
      300.0,
      298.0,
      222.0
    ],
    [
      269.0,
      300.0,
      300.0,
      292.0,
      221.0,
      0.0,
      300.0,
      300.0,
      300.0,
      300.0,
      300.0,
      300.0,
      300.0
    ],
    [
      11.0,
      215.0,
      477.0,
      614.0,
      881.0,
      0.0,
      0.0,
      38.0,
      69.0,
      300.0,
      300.0,
      300.0,
      300.0
    ],
    [
      209.0,
      292.0,
      238.0,
      41.0,
      302.0,
      0.0,
      257.0,
      0.0,
      150.0,
      300.0,
      300.0,
      298.0,
      282.0
    ],
    [
      83.0,
      265.0,
      285.0,
      9.0,
      194.0,
      0.0,
      222.0,
      141.0,
      0.0,
      300.0,
      300.0,
      300.0,
      300.0
    ],
    [
      0.0,
      0.0,
      51.0,
      0.0,
      0.0,
      0.0,
      0.0,
      0.0,
      0.0,
      0.0,
      100.0,
      100.0,
      37.0
    ],
    [
      0.0,
      0.0,
      57.0,
      0.0,
      0.0,
      0.0,
      0.0,
      0.0,
      0.0,
      100.0,
      0.0,
      301.0,
      25.0
    ],
    [
      0.0,
      0.0,
      58.0,
      0.0,
      1.0,
      0.0,
      0.0,
      1.0,
      0.0,
      100.0,
      301.0,
      0.0,
      37.0
    ],
    [
      0.0,
      1.0,
      0.0,
      0.0,
      72.0,
      0.0,
      0.0,
      15.0,
      0.0,
      226.0,
      250.0,
      238.0,
      0.0
    ]
  ],
  "rankings": [
    {
      "draws": 139,
      "goalDiff": 705.0,
      "losses": 989,
      "points": 3505.0,
      "rank": 1,
      "team": "nebula-rangers",
      "wins": 1122,
      "zSum": 140.924
    },
    {
      "draws": 8,
      "goalDiff": 18588.0,
      "losses": 34,
      "points": 3482.0,
      "rank": 2,
      "team": "mirage-sc",
      "wins": 1158,
      "zSum": 331.214
    },
    {
      "draws": 58,
      "goalDiff": 8696.0,
      "losses": 357,
      "points": 3238.0,
      "rank": 3,
      "team": "glacier-fc",
      "wins": 1060,
      "zSum": 158.763
    },
    {
      "draws": 106,
      "goalDiff": 1623.0,
      "losses": 692,
      "points": 2887.0,
      "rank": 4,
      "team": "granite-athletic",
      "wins": 927,
      "zSum": 98.878
    },
    {
      "draws": 25,
      "goalDiff": 7894.0,
      "losses": 272,
      "points": 2734.0,
      "rank": 5,
      "team": "aurora-fc",
      "wins": 903,
      "zSum": 235.861
    },
    {
      "draws": 62,
      "goalDiff": 3856.0,
      "losses": 344,
      "points": 2669.0,
      "rank": 6,
      "team": "phoenix-rovers",
      "wins": 869,
      "zSum": 97.466
    },
    {
      "draws": 47,
      "goalDiff": 5837.0,
      "losses": 369,
      "points": 2399.0,
      "rank": 7,
      "team": "tempest-united",
      "wins": 784,
      "zSum": 265.4
    },
    {
      "draws": 30,
      "goalDiff": -1713.0,
      "losses": 652,
      "points": 1734.0,
      "rank": 8,
      "team": "eclipse-town",
      "wins": 568,
      "zSum": -3.1539999999999786
    },
    {
      "draws": 205,
      "goalDiff": 471.0,
      "losses": 791,
      "points": 1642.0,
      "rank": 9,
      "team": "forge-fc",
      "wins": 479,
      "zSum": -84.63799999999998
    },
    {
      "draws": 97,
      "goalDiff": -11111.0,
      "losses": 868,
      "points": 802.0,
      "rank": 10,
      "team": "v4-baseline",
      "wins": 235,
      "zSum": -262.99
    },
    {
      "draws": 483,
      "goalDiff": -10872.0,
      "losses": 912,
      "points": 498.0,
      "rank": 11,
      "team": "v3-baseline",
      "wins": 5,
      "zSum": -301.28200000000004
    },
    {
      "draws": 480,
      "goalDiff": -12153.0,
      "losses": 919,
      "points": 483.0,
      "rank": 12,
      "team": "v2-baseline",
      "wins": 1,
      "zSum": -351.33399999999995
    },
    {
      "draws": 288,
      "goalDiff": -11821.0,
      "losses": 912,
      "points": 288.0,
      "rank": 13,
      "team": "v1-baseline",
      "wins": 0,
      "zSum": -325.10800000000006
    }
  ],
  "teams": [
    "aurora-fc",
    "eclipse-town",
    "forge-fc",
    "glacier-fc",
    "granite-athletic",
    "mirage-sc",
    "nebula-rangers",
    "phoenix-rovers",
    "tempest-united",
    "v1-baseline",
    "v2-baseline",
    "v3-baseline",
    "v4-baseline"
  ],
  "type": "legacy-round-robin",
  "zScoreMatrix": [
    [
      0.0,
      46.356,
      24.872,
      -5.149,
      9.563,
      -12.622,
      19.882,
      -6.817,
      6.201,
      44.169,
      37.395,
      37.517,
      34.494
    ],
    [
      -46.356,
      0.0,
      10.251,
      -14.268,
      -18.558,
      -40.415,
      0.76,
      -17.496,
      -13.486,
      40.932,
      33.694,
      37.533,
      24.255
    ],
    [
      -24.872,
      -10.251,
      0.0,
      -14.464,
      -15.355,
      -40.258,
      12.586,
      -9.829,
      -16.78,
      5.418,
      5.854,
      5.143,
      18.17
    ],
    [
      5.149,
      14.268,
      14.464,
      0.0,
      9.757,
      -17.283,
      -2.828,
      11.622,
      16.909,
      29.744,
      23.692,
      28.969,
      24.3
    ],
    [
      -9.563,
      18.558,
      15.355,
      -9.757,
      0.0,
      -9.019,
      -3.644,
      -3.306,
      -5.364,
      35.566,
      33.415,
      29.353,
      7.284
    ],
    [
      12.622,
      40.415,
      40.258,
      17.283,
      9.019,
      0.0,
      36.874,
      31.817,
      22.993,
      36.552,
      31.247,
      26.218,
      25.916
    ],
    [
      -19.882,
      -0.76,
      -12.586,
      2.828,
      3.644,
      -36.874,
      0.0,
      -10.426,
      -6.643,
      44.445,
      61.232,
      44.945,
      71.001
    ],
    [
      6.817,
      17.496,
      9.829,
      -11.622,
      3.306,
      -31.817,
      10.426,
      0.0,
      0.903,
      21.58,
      28.88,
      23.861,
      17.807
    ],
    [
      -6.201,
      13.486,
      16.78,
      -16.909,
      5.364,
      -22.993,
      6.643,
      -0.903,
      0.0,
      56.434,
      83.339,
      57.124,
      73.236
    ],
    [
      -44.169,
      -40.932,
      -5.418,
      -29.744,
      -35.566,
      -36.552,
      -44.445,
      -21.58,
      -56.434,
      0.0,
      -0.0,
      -0.0,
      -10.268
    ],
    [
      -37.395,
      -33.694,
      -5.854,
      -23.692,
      -33.415,
      -31.247,
      -61.232,
      -28.88,
      -83.339,
      0.0,
      0.0,
      -0.0,
      -12.586
    ],
    [
      -37.517,
      -37.533,
      -5.143,
      -28.969,
      -29.353,
      -26.218,
      -44.945,
      -23.861,
      -57.124,
      0.0,
      0.0,
      0.0,
      -10.619
    ],
    [
      -34.494,
      -24.255,
      -18.17,
      -24.3,
      -7.284,
      -25.916,
      -71.001,
      -17.807,
      -73.236,
      10.268,
      12.586,
      10.619,
      0.0
    ]
  ]
}
