{
  "createdAt": "2026-05-07T08:34:08Z",
  "gamesPerMatch": 500,
  "goalDiffMatrix": [
    [
      0.0,
      896.0,
      211.0,
      -466.0,
      468.0,
      141.0,
      -1265.0,
      -352.0,
      -236.0
    ],
    [
      -896.0,
      0.0,
      -141.0,
      -723.0,
      -270.0,
      -716.0,
      -926.0,
      -1111.0,
      -872.0
    ],
    [
      -211.0,
      141.0,
      0.0,
      -524.0,
      119.0,
      -443.0,
      154.0,
      -182.0,
      -262.0
    ],
    [
      466.0,
      723.0,
      524.0,
      0.0,
      151.0,
      -224.0,
      -11.0,
      129.0,
      -643.0
    ],
    [
      -468.0,
      270.0,
      -119.0,
      -151.0,
      0.0,
      -407.0,
      -176.0,
      -304.0,
      -835.0
    ],
    [
      -141.0,
      716.0,
      443.0,
      224.0,
      407.0,
      0.0,
      1017.0,
      324.0,
      231.0
    ],
    [
      1265.0,
      926.0,
      -154.0,
      11.0,
      176.0,
      -1017.0,
      0.0,
      -800.0,
      351.0
    ],
    [
      352.0,
      1111.0,
      182.0,
      -129.0,
      304.0,
      -324.0,
      800.0,
      0.0,
      -152.0
    ],
    [
      236.0,
      872.0,
      262.0,
      643.0,
      835.0,
      -231.0,
      -351.0,
      152.0,
      0.0
    ]
  ],
  "pointsMatrix": [
    [
      0.0,
      298.0,
      217.0,
      37.0,
      271.0,
      721.0,
      14.0,
      52.0,
      176.0
    ],
    [
      1.0,
      0.0,
      67.0,
      0.0,
      42.0,
      1.0,
      0.0,
      4.0,
      3.0
    ],
    [
      76.0,
      208.0,
      0.0,
      12.0,
      177.0,
      25.0,
      198.0,
      68.0,
      45.0
    ],
    [
      259.0,
      300.0,
      282.0,
      0.0,
      188.0,
      51.0,
      336.0,
      182.0,
      32.0
    ],
    [
      25.0,
      252.0,
      108.0,
      101.0,
      0.0,
      28.0,
      126.0,
      54.0,
      3.0
    ],
    [
      664.0,
      298.0,
      271.0,
      237.0,
      268.0,
      0.0,
      294.0,
      257.0,
      215.0
    ],
    [
      281.0,
      300.0,
      90.0,
      315.0,
      240.0,
      6.0,
      0.0,
      9.0,
      223.0
    ],
    [
      241.0,
      295.0,
      218.0,
      107.0,
      237.0,
      38.0,
      291.0,
      0.0,
      127.0
    ],
    [
      263.0,
      294.0,
      249.0,
      263.0,
      297.0,
      77.0,
      73.0,
      235.0,
      0.0
    ]
  ],
  "rankings": [
    {
      "draws": 74,
      "goalDiff": 3221.0,
      "losses": 291,
      "points": 2504.0,
      "rank": 1,
      "team": "mirage-sc",
      "wins": 810,
      "zSum": 101.122
    },
    {
      "draws": 79,
      "goalDiff": -603.0,
      "losses": 577,
      "points": 1786.0,
      "rank": 2,
      "team": "aurora-fc",
      "wins": 569,
      "zSum": 6.2589999999999995
    },
    {
      "draws": 50,
      "goalDiff": 2418.0,
      "losses": 258,
      "points": 1751.0,
      "rank": 3,
      "team": "tempest-united",
      "wins": 567,
      "zSum": 68.923
    },
    {
      "draws": 73,
      "goalDiff": 1115.0,
      "losses": 333,
      "points": 1630.0,
      "rank": 4,
      "team": "glacier-fc",
      "wins": 519,
      "zSum": 31.011999999999993
    },
    {
      "draws": 60,
      "goalDiff": 2144.0,
      "losses": 267,
      "points": 1554.0,
      "rank": 5,
      "team": "phoenix-rovers",
      "wins": 498,
      "zSum": 51.141
    },
    {
      "draws": 54,
      "goalDiff": 758.0,
      "losses": 426,
      "points": 1464.0,
      "rank": 6,
      "team": "nebula-rangers",
      "wins": 470,
      "zSum": -5.4900000000000055
    },
    {
      "draws": 89,
      "goalDiff": -1208.0,
      "losses": 471,
      "points": 809.0,
      "rank": 7,
      "team": "forge-fc",
      "wins": 240,
      "zSum": -35.69799999999999
    },
    {
      "draws": 58,
      "goalDiff": -2190.0,
      "losses": 554,
      "points": 697.0,
      "rank": 8,
      "team": "granite-athletic",
      "wins": 213,
      "zSum": -63.394000000000005
    },
    {
      "draws": 37,
      "goalDiff": -5655.0,
      "losses": 736,
      "points": 118.0,
      "rank": 9,
      "team": "eclipse-town",
      "wins": 27,
      "zSum": -153.87499999999997
    }
  ],
  "teams": [
    "aurora-fc",
    "eclipse-town",
    "forge-fc",
    "glacier-fc",
    "granite-athletic",
    "mirage-sc",
    "nebula-rangers",
    "phoenix-rovers",
    "tempest-united"
  ],
  "type": "v6-round-robin",
  "zScoreMatrix": [
    [
      0.0,
      25.237,
      6.257,
      -10.445,
      12.545,
      1.666,
      -14.947,
      -9.331,
      -4.723
    ],
    [
      -25.237,
      0.0,
      -6.093,
      -18.986,
      -9.638,
      -23.293,
      -21.942,
      -23.473,
      -25.213
    ],
    [
      -6.257,
      6.093,
      0.0,
      -15.776,
      3.918,
      -13.638,
      5.428,
      -6.415,
      -9.051
    ],
    [
      10.445,
      18.986,
      15.776,
      0.0,
      4.296,
      -8.225,
      -0.155,
      3.013,
      -13.124
    ],
    [
      -12.545,
      9.638,
      -3.918,
      -4.296,
      0.0,
      -13.177,
      -4.347,
      -9.335,
      -25.414
    ],
    [
      -1.666,
      23.293,
      13.638,
      8.225,
      13.177,
      0.0,
      28.416,
      9.938,
      6.101
    ],
    [
      14.947,
      21.942,
      -5.428,
      0.155,
      4.347,
      -28.416,
      0.0,
      -19.537,
      6.5
    ],
    [
      9.331,
      23.473,
      6.415,
      -3.013,
      9.335,
      -9.938,
      19.537,
      0.0,
      -3.999
    ],
    [
      4.723,
      25.213,
      9.051,
      13.124,
      25.414,
      -6.101,
      -6.5,
      3.999,
      0.0
    ]
  ]
}
