{
  "createdAt": "2026-05-06T18:02:38Z",
  "gamesPerMatch": 10000,
  "goalDiffMatrix": [
    [
      0.0,
      446.0,
      310.0,
      -431.0,
      600.0,
      129.0,
      506.0,
      -407.0,
      338.0
    ],
    [
      -446.0,
      0.0,
      246.0,
      -474.0,
      -104.0,
      -168.0,
      796.0,
      -586.0,
      232.0
    ],
    [
      -310.0,
      -246.0,
      0.0,
      -416.0,
      138.0,
      -374.0,
      -278.0,
      -200.0,
      6.0
    ],
    [
      431.0,
      474.0,
      416.0,
      0.0,
      359.0,
      -93.0,
      -541.0,
      177.0,
      492.0
    ],
    [
      -600.0,
      104.0,
      -138.0,
      -359.0,
      0.0,
      -272.0,
      59.0,
      -314.0,
      -123.0
    ],
    [
      -129.0,
      168.0,
      374.0,
      93.0,
      272.0,
      0.0,
      -98.0,
      219.0,
      209.0
    ],
    [
      -506.0,
      -796.0,
      278.0,
      541.0,
      -59.0,
      98.0,
      0.0,
      -659.0,
      659.0
    ],
    [
      407.0,
      586.0,
      200.0,
      -177.0,
      314.0,
      -219.0,
      659.0,
      0.0,
      278.0
    ],
    [
      -338.0,
      -232.0,
      -6.0,
      -492.0,
      123.0,
      -209.0,
      -659.0,
      -278.0,
      0.0
    ]
  ],
  "pointsMatrix": [
    [
      0.0,
      250.0,
      263.0,
      49.0,
      291.0,
      207.0,
      273.0,
      33.0,
      270.0
    ],
    [
      43.0,
      0.0,
      222.0,
      22.0,
      166.0,
      74.0,
      282.0,
      21.0,
      233.0
    ],
    [
      26.0,
      69.0,
      0.0,
      10.0,
      197.0,
      14.0,
      53.0,
      54.0,
      209.0
    ],
    [
      244.0,
      274.0,
      286.0,
      0.0,
      254.0,
      267.0,
      33.0,
      196.0,
      284.0
    ],
    [
      6.0,
      262.0,
      89.0,
      38.0,
      0.0,
      61.0,
      324.0,
      39.0,
      386.0
    ],
    [
      84.0,
      212.0,
      281.0,
      369.0,
      226.0,
      0.0,
      199.0,
      211.0,
      242.0
    ],
    [
      24.0,
      15.0,
      236.0,
      264.0,
      318.0,
      289.0,
      0.0,
      11.0,
      287.0
    ],
    [
      264.0,
      276.0,
      228.0,
      97.0,
      255.0,
      70.0,
      287.0,
      0.0,
      260.0
    ],
    [
      21.0,
      53.0,
      212.0,
      11.0,
      533.0,
      32.0,
      11.0,
      35.0,
      0.0
    ]
  ],
  "rankings": [
    {
      "draws": 77,
      "goalDiff": 1715.0,
      "losses": 261,
      "points": 1838.0,
      "rank": 1,
      "team": "glacier-fc",
      "wins": 587,
      "zSum": 58.531000000000006
    },
    {
      "draws": 162,
      "goalDiff": 1108.0,
      "losses": 284,
      "points": 1824.0,
      "rank": 2,
      "team": "mirage-sc",
      "wins": 554,
      "zSum": 42.67
    },
    {
      "draws": 63,
      "goalDiff": 2048.0,
      "losses": 179,
      "points": 1737.0,
      "rank": 3,
      "team": "phoenix-rovers",
      "wins": 558,
      "zSum": 65.227
    },
    {
      "draws": 52,
      "goalDiff": 1491.0,
      "losses": 220,
      "points": 1636.0,
      "rank": 4,
      "team": "aurora-fc",
      "wins": 528,
      "zSum": 53.040000000000006
    },
    {
      "draws": 94,
      "goalDiff": -444.0,
      "losses": 456,
      "points": 1444.0,
      "rank": 5,
      "team": "nebula-rangers",
      "wins": 450,
      "zSum": -10.606000000000003
    },
    {
      "draws": 155,
      "goalDiff": -1643.0,
      "losses": 695,
      "points": 1205.0,
      "rank": 6,
      "team": "granite-athletic",
      "wins": 350,
      "zSum": -57.29299999999999
    },
    {
      "draws": 76,
      "goalDiff": -504.0,
      "losses": 445,
      "points": 1063.0,
      "rank": 7,
      "team": "eclipse-town",
      "wins": 329,
      "zSum": -16.670999999999996
    },
    {
      "draws": 146,
      "goalDiff": -2091.0,
      "losses": 675,
      "points": 908.0,
      "rank": 8,
      "team": "tempest-united",
      "wins": 254,
      "zSum": -70.113
    },
    {
      "draws": 101,
      "goalDiff": -1680.0,
      "losses": 572,
      "points": 632.0,
      "rank": 9,
      "team": "forge-fc",
      "wins": 177,
      "zSum": -64.78500000000001
    }
  ],
  "teams": [
    "aurora-fc",
    "eclipse-town",
    "forge-fc",
    "glacier-fc",
    "granite-athletic",
    "mirage-sc",
    "nebula-rangers",
    "phoenix-rovers",
    "tempest-united"
  ],
  "type": "v6-round-robin",
  "zScoreMatrix": [
    [
      0.0,
      10.141,
      12.797,
      -9.934,
      20.823,
      4.226,
      13.87,
      -11.544,
      12.661
    ],
    [
      -10.141,
      0.0,
      7.093,
      -13.642,
      -2.847,
      -6.837,
      16.501,
      -16.208,
      9.41
    ],
    [
      -12.797,
      -7.093,
      0.0,
      -15.222,
      4.656,
      -15.356,
      -9.459,
      -9.733,
      0.219
    ],
    [
      9.934,
      13.642,
      15.222,
      0.0,
      12.081,
      -2.815,
      -11.701,
      5.149,
      17.019
    ],
    [
      -20.823,
      2.847,
      -4.656,
      -12.081,
      0.0,
      -8.457,
      1.253,
      -11.963,
      -3.413
    ],
    [
      -4.226,
      6.837,
      15.356,
      2.815,
      8.457,
      0.0,
      -3.369,
      7.29,
      9.51
    ],
    [
      -13.87,
      -16.501,
      9.459,
      11.701,
      -1.253,
      3.369,
      0.0,
      -17.573,
      14.062
    ],
    [
      11.544,
      16.208,
      9.733,
      -5.149,
      11.963,
      -7.29,
      17.573,
      0.0,
      10.645
    ],
    [
      -12.661,
      -9.41,
      -0.219,
      -17.019,
      3.413,
      -9.51,
      -14.062,
      -10.645,
      0.0
    ]
  ]
}
