{
  "createdAt": "2026-05-06T02:13:50Z",
  "gamesPerMatch": 10000,
  "goalDiffMatrix": [
    [
      0.0,
      740.0,
      457.0,
      -102.0,
      436.0,
      90.0,
      450.0,
      -20.0,
      373.0
    ],
    [
      -740.0,
      0.0,
      115.0,
      -368.0,
      -224.0,
      -206.0,
      -1484.0,
      -811.0,
      -5.0
    ],
    [
      -457.0,
      -115.0,
      0.0,
      -388.0,
      -222.0,
      -190.0,
      -655.0,
      -229.0,
      -89.0
    ],
    [
      102.0,
      368.0,
      388.0,
      0.0,
      225.0,
      -69.0,
      -395.0,
      -76.0,
      251.0
    ],
    [
      -436.0,
      224.0,
      222.0,
      -225.0,
      0.0,
      -89.0,
      154.0,
      -343.0,
      -115.0
    ],
    [
      -90.0,
      206.0,
      190.0,
      69.0,
      89.0,
      0.0,
      -184.0,
      -143.0,
      182.0
    ],
    [
      -450.0,
      1484.0,
      655.0,
      395.0,
      -154.0,
      184.0,
      0.0,
      -503.0,
      470.0
    ],
    [
      20.0,
      811.0,
      229.0,
      76.0,
      343.0,
      143.0,
      503.0,
      0.0,
      280.0
    ],
    [
      -373.0,
      5.0,
      89.0,
      -251.0,
      115.0,
      -182.0,
      -470.0,
      -280.0,
      0.0
    ]
  ],
  "pointsMatrix": [
    [
      0.0,
      298.0,
      290.0,
      90.0,
      274.0,
      193.0,
      252.0,
      179.0,
      279.0
    ],
    [
      1.0,
      0.0,
      187.0,
      26.0,
      24.0,
      30.0,
      0.0,
      1.0,
      140.0
    ],
    [
      8.0,
      97.0,
      0.0,
      24.0,
      1536.0,
      48.0,
      18.0,
      54.0,
      169.0
    ],
    [
      195.0,
      266.0,
      267.0,
      0.0,
      238.0,
      102.0,
      39.0,
      461.0,
      244.0
    ],
    [
      22.0,
      267.0,
      1776.0,
      55.0,
      0.0,
      89.0,
      316.0,
      37.0,
      162.0
    ],
    [
      91.0,
      255.0,
      237.0,
      174.0,
      185.0,
      0.0,
      70.0,
      88.0,
      225.0
    ],
    [
      42.0,
      300.0,
      279.0,
      255.0,
      193.0,
      217.0,
      0.0,
      20.0,
      290.0
    ],
    [
      182.0,
      298.0,
      234.0,
      470.0,
      250.0,
      193.0,
      275.0,
      0.0,
      263.0
    ],
    [
      15.0,
      140.0,
      253.0,
      40.0,
      261.0,
      54.0,
      8.0,
      32.0,
      0.0
    ]
  ],
  "rankings": [
    {
      "draws": 390,
      "goalDiff": -608.0,
      "losses": 857,
      "points": 2724.0,
      "rank": 1,
      "team": "granite-athletic",
      "wins": 778,
      "zSum": -25.485999999999997
    },
    {
      "draws": 113,
      "goalDiff": 2405.0,
      "losses": 253,
      "points": 2165.0,
      "rank": 2,
      "team": "phoenix-rovers",
      "wins": 684,
      "zSum": 72.83800000000001
    },
    {
      "draws": 373,
      "goalDiff": -2345.0,
      "losses": 1050,
      "points": 1954.0,
      "rank": 3,
      "team": "forge-fc",
      "wins": 527,
      "zSum": -74.708
    },
    {
      "draws": 64,
      "goalDiff": 2424.0,
      "losses": 164,
      "points": 1855.0,
      "rank": 4,
      "team": "aurora-fc",
      "wins": 597,
      "zSum": 80.48899999999999
    },
    {
      "draws": 129,
      "goalDiff": 794.0,
      "losses": 335,
      "points": 1812.0,
      "rank": 5,
      "team": "glacier-fc",
      "wins": 561,
      "zSum": 32.61
    },
    {
      "draws": 51,
      "goalDiff": 2081.0,
      "losses": 309,
      "points": 1596.0,
      "rank": 6,
      "team": "nebula-rangers",
      "wins": 515,
      "zSum": 54.61599999999999
    },
    {
      "draws": 149,
      "goalDiff": 319.0,
      "losses": 259,
      "points": 1325.0,
      "rank": 7,
      "team": "mirage-sc",
      "wins": 392,
      "zSum": 20.303999999999995
    },
    {
      "draws": 125,
      "goalDiff": -1347.0,
      "losses": 549,
      "points": 803.0,
      "rank": 8,
      "team": "tempest-united",
      "wins": 226,
      "zSum": -58.485
    },
    {
      "draws": 70,
      "goalDiff": -3723.0,
      "losses": 617,
      "points": 409.0,
      "rank": 9,
      "team": "eclipse-town",
      "wins": 113,
      "zSum": -102.178
    }
  ],
  "teams": [
    "aurora-fc",
    "eclipse-town",
    "forge-fc",
    "glacier-fc",
    "granite-athletic",
    "mirage-sc",
    "nebula-rangers",
    "phoenix-rovers",
    "tempest-united"
  ],
  "type": "v6-round-robin",
  "zScoreMatrix": [
    [
      0.0,
      19.82,
      18.08,
      -3.066,
      15.214,
      3.605,
      10.806,
      -0.441,
      16.471
    ],
    [
      -19.82,
      0.0,
      3.843,
      -13.554,
      -11.943,
      -10.492,
      -31.658,
      -18.359,
      -0.195
    ],
    [
      -18.08,
      -3.843,
      0.0,
      -11.637,
      -3.6,
      -8.843,
      -15.812,
      -9.191,
      -3.702
    ],
    [
      3.066,
      13.554,
      11.637,
      0.0,
      9.306,
      -3.275,
      -10.354,
      -1.219,
      9.895
    ],
    [
      -15.214,
      11.943,
      3.6,
      -9.306,
      0.0,
      -4.656,
      3.677,
      -10.673,
      -4.857
    ],
    [
      -3.605,
      10.492,
      8.843,
      3.275,
      4.656,
      0.0,
      -6.962,
      -5.579,
      9.184
    ],
    [
      -10.806,
      31.658,
      15.812,
      10.354,
      -3.677,
      6.962,
      0.0,
      -15.867,
      20.18
    ],
    [
      0.441,
      18.359,
      9.191,
      1.219,
      10.673,
      5.579,
      15.867,
      0.0,
      11.509
    ],
    [
      -16.471,
      0.195,
      3.702,
      -9.895,
      4.857,
      -9.184,
      -20.18,
      -11.509,
      0.0
    ]
  ]
}
