{
  "createdAt": "2026-05-07T07:45:42Z",
  "gamesPerMatch": 500,
  "goalDiffMatrix": [
    [
      0.0,
      618.0,
      301.0,
      -376.0,
      546.0,
      223.0,
      -960.0,
      -436.0,
      -235.0
    ],
    [
      -618.0,
      0.0,
      97.0,
      -485.0,
      -109.0,
      -491.0,
      -930.0,
      -826.0,
      -539.0
    ],
    [
      -301.0,
      -97.0,
      0.0,
      -416.0,
      138.0,
      -321.0,
      -113.0,
      -224.0,
      -394.0
    ],
    [
      376.0,
      485.0,
      416.0,
      0.0,
      412.0,
      -51.0,
      -56.0,
      194.0,
      -610.0
    ],
    [
      -546.0,
      109.0,
      -138.0,
      -412.0,
      0.0,
      -284.0,
      -296.0,
      -225.0,
      -844.0
    ],
    [
      -223.0,
      491.0,
      321.0,
      51.0,
      284.0,
      0.0,
      839.0,
      267.0,
      49.0
    ],
    [
      960.0,
      930.0,
      113.0,
      56.0,
      296.0,
      -839.0,
      0.0,
      -484.0,
      341.0
    ],
    [
      436.0,
      826.0,
      224.0,
      -194.0,
      225.0,
      -267.0,
      484.0,
      0.0,
      -350.0
    ],
    [
      235.0,
      539.0,
      394.0,
      610.0,
      844.0,
      -49.0,
      -341.0,
      350.0,
      0.0
    ]
  ],
  "pointsMatrix": [
    [
      0.0,
      284.0,
      258.0,
      67.0,
      285.0,
      424.0,
      14.0,
      31.0,
      93.0
    ],
    [
      14.0,
      0.0,
      212.0,
      14.0,
      103.0,
      10.0,
      10.0,
      0.0,
      10.0
    ],
    [
      30.0,
      74.0,
      0.0,
      14.0,
      194.0,
      36.0,
      136.0,
      50.0,
      12.0
    ],
    [
      229.0,
      278.0,
      281.0,
      0.0,
      279.0,
      99.0,
      210.0,
      199.0,
      10.0
    ],
    [
      12.0,
      184.0,
      92.0,
      18.0,
      0.0,
      46.0,
      65.0,
      68.0,
      3.0
    ],
    [
      295.0,
      286.0,
      258.0,
      177.0,
      244.0,
      0.0,
      300.0,
      235.0,
      182.0
    ],
    [
      284.0,
      289.0,
      220.0,
      228.0,
      221.0,
      0.0,
      0.0,
      34.0,
      210.0
    ],
    [
      262.0,
      300.0,
      239.0,
      94.0,
      218.0,
      52.0,
      262.0,
      0.0,
      37.0
    ],
    [
      201.0,
      286.0,
      285.0,
      289.0,
      297.0,
      110.0,
      84.0,
      259.0,
      0.0
    ]
  ],
  "rankings": [
    {
      "draws": 96,
      "goalDiff": 2079.0,
      "losses": 227,
      "points": 1977.0,
      "rank": 1,
      "team": "mirage-sc",
      "wins": 627,
      "zSum": 76.504
    },
    {
      "draws": 32,
      "goalDiff": 2582.0,
      "losses": 175,
      "points": 1811.0,
      "rank": 2,
      "team": "tempest-united",
      "wins": 593,
      "zSum": 83.02199999999999
    },
    {
      "draws": 64,
      "goalDiff": 1166.0,
      "losses": 279,
      "points": 1585.0,
      "rank": 3,
      "team": "glacier-fc",
      "wins": 507,
      "zSum": 37.328
    },
    {
      "draws": 58,
      "goalDiff": 1373.0,
      "losses": 341,
      "points": 1486.0,
      "rank": 4,
      "team": "nebula-rangers",
      "wins": 476,
      "zSum": 15.835999999999995
    },
    {
      "draws": 60,
      "goalDiff": 1384.0,
      "losses": 272,
      "points": 1464.0,
      "rank": 5,
      "team": "phoenix-rovers",
      "wins": 468,
      "zSum": 44.123999999999995
    },
    {
      "draws": 67,
      "goalDiff": -319.0,
      "losses": 420,
      "points": 1456.0,
      "rank": 6,
      "team": "aurora-fc",
      "wins": 463,
      "zSum": 12.684999999999995
    },
    {
      "draws": 84,
      "goalDiff": -1728.0,
      "losses": 587,
      "points": 546.0,
      "rank": 7,
      "team": "forge-fc",
      "wins": 154,
      "zSum": -66.029
    },
    {
      "draws": 71,
      "goalDiff": -2636.0,
      "losses": 590,
      "points": 488.0,
      "rank": 8,
      "team": "granite-athletic",
      "wins": 139,
      "zSum": -85.564
    },
    {
      "draws": 46,
      "goalDiff": -3901.0,
      "losses": 645,
      "points": 373.0,
      "rank": 9,
      "team": "eclipse-town",
      "wins": 109,
      "zSum": -117.90599999999999
    }
  ],
  "teams": [
    "aurora-fc",
    "eclipse-town",
    "forge-fc",
    "glacier-fc",
    "granite-athletic",
    "mirage-sc",
    "nebula-rangers",
    "phoenix-rovers",
    "tempest-united"
  ],
  "type": "v6-round-robin",
  "zScoreMatrix": [
    [
      0.0,
      18.174,
      11.443,
      -8.117,
      18.12,
      4.409,
      -14.972,
      -11.273,
      -5.099
    ],
    [
      -18.174,
      0.0,
      4.761,
      -14.338,
      -4.158,
      -18.732,
      -21.59,
      -28.714,
      -16.961
    ],
    [
      -11.443,
      -4.761,
      0.0,
      -14.355,
      4.956,
      -11.316,
      -3.717,
      -9.221,
      -16.172
    ],
    [
      8.117,
      14.338,
      14.355,
      0.0,
      14.259,
      -2.4,
      -1.051,
      5.46,
      -15.75
    ],
    [
      -18.12,
      4.158,
      -4.956,
      -14.259,
      0.0,
      -10.434,
      -8.785,
      -7.693,
      -25.475
    ],
    [
      -4.409,
      18.732,
      11.316,
      2.4,
      10.434,
      0.0,
      26.89,
      9.524,
      1.617
    ],
    [
      14.972,
      21.59,
      3.717,
      1.051,
      8.785,
      -26.89,
      0.0,
      -13.042,
      5.653
    ],
    [
      11.273,
      28.714,
      9.221,
      -5.46,
      7.693,
      -9.524,
      13.042,
      0.0,
      -10.835
    ],
    [
      5.099,
      16.961,
      16.172,
      15.75,
      25.475,
      -1.617,
      -5.653,
      10.835,
      0.0
    ]
  ]
}
