{
  "createdAt": "2026-05-07T07:46:11Z",
  "gamesPerMatch": 500,
  "goalDiffMatrix": [
    [
      0.0,
      595.0,
      287.0,
      -485.0,
      558.0,
      155.0,
      -1016.0,
      -388.0,
      -222.0
    ],
    [
      -595.0,
      0.0,
      79.0,
      -468.0,
      -111.0,
      -427.0,
      -915.0,
      -760.0,
      -614.0
    ],
    [
      -287.0,
      -79.0,
      0.0,
      -459.0,
      156.0,
      -372.0,
      176.0,
      -189.0,
      -347.0
    ],
    [
      485.0,
      468.0,
      459.0,
      0.0,
      380.0,
      -76.0,
      170.0,
      147.0,
      -652.0
    ],
    [
      -558.0,
      111.0,
      -156.0,
      -380.0,
      0.0,
      -307.0,
      461.0,
      -196.0,
      -831.0
    ],
    [
      -155.0,
      427.0,
      372.0,
      76.0,
      307.0,
      0.0,
      1435.0,
      284.0,
      14.0
    ],
    [
      1016.0,
      915.0,
      -176.0,
      -170.0,
      -461.0,
      -1435.0,
      0.0,
      -889.0,
      263.0
    ],
    [
      388.0,
      760.0,
      189.0,
      -147.0,
      196.0,
      -284.0,
      889.0,
      0.0,
      -251.0
    ],
    [
      222.0,
      614.0,
      347.0,
      652.0,
      831.0,
      -14.0,
      -263.0,
      251.0,
      0.0
    ]
  ],
  "pointsMatrix": [
    [
      0.0,
      279.0,
      269.0,
      44.0,
      293.0,
      196.0,
      10.0,
      37.0,
      161.0
    ],
    [
      18.0,
      0.0,
      188.0,
      11.0,
      93.0,
      16.0,
      7.0,
      1.0,
      12.0
    ],
    [
      20.0,
      98.0,
      0.0,
      10.0,
      192.0,
      34.0,
      209.0,
      60.0,
      27.0
    ],
    [
      251.0,
      287.0,
      289.0,
      0.0,
      268.0,
      283.0,
      184.0,
      194.0,
      26.0
    ],
    [
      5.0,
      195.0,
      96.0,
      28.0,
      0.0,
      48.0,
      430.0,
      67.0,
      3.0
    ],
    [
      88.0,
      277.0,
      262.0,
      409.0,
      243.0,
      0.0,
      298.0,
      246.0,
      147.0
    ],
    [
      289.0,
      292.0,
      71.0,
      109.0,
      307.0,
      1.0,
      0.0,
      3.0,
      188.0
    ],
    [
      259.0,
      298.0,
      225.0,
      104.0,
      217.0,
      45.0,
      294.0,
      0.0,
      66.0
    ],
    [
      278.0,
      285.0,
      267.0,
      269.0,
      297.0,
      147.0,
      104.0,
      225.0,
      0.0
    ]
  ],
  "rankings": [
    {
      "draws": 110,
      "goalDiff": 2760.0,
      "losses": 220,
      "points": 1970.0,
      "rank": 1,
      "team": "mirage-sc",
      "wins": 620,
      "zSum": 67.58999999999999
    },
    {
      "draws": 48,
      "goalDiff": 2640.0,
      "losses": 194,
      "points": 1872.0,
      "rank": 2,
      "team": "tempest-united",
      "wins": 608,
      "zSum": 70.58500000000001
    },
    {
      "draws": 84,
      "goalDiff": 1381.0,
      "losses": 300,
      "points": 1782.0,
      "rank": 3,
      "team": "glacier-fc",
      "wins": 566,
      "zSum": 44.117
    },
    {
      "draws": 59,
      "goalDiff": 1740.0,
      "losses": 258,
      "points": 1508.0,
      "rank": 4,
      "team": "phoenix-rovers",
      "wins": 483,
      "zSum": 49.624
    },
    {
      "draws": 53,
      "goalDiff": -516.0,
      "losses": 385,
      "points": 1289.0,
      "rank": 5,
      "team": "aurora-fc",
      "wins": 412,
      "zSum": 8.305000000000009
    },
    {
      "draws": 54,
      "goalDiff": -937.0,
      "losses": 494,
      "points": 1260.0,
      "rank": 6,
      "team": "nebula-rangers",
      "wins": 402,
      "zSum": -17.006999999999998
    },
    {
      "draws": 68,
      "goalDiff": -1856.0,
      "losses": 614,
      "points": 872.0,
      "rank": 7,
      "team": "granite-athletic",
      "wins": 268,
      "zSum": -62.727
    },
    {
      "draws": 83,
      "goalDiff": -1401.0,
      "losses": 528,
      "points": 650.0,
      "rank": 8,
      "team": "forge-fc",
      "wins": 189,
      "zSum": -56.412
    },
    {
      "draws": 43,
      "goalDiff": -3811.0,
      "losses": 656,
      "points": 346.0,
      "rank": 9,
      "team": "eclipse-town",
      "wins": 101,
      "zSum": -104.075
    }
  ],
  "teams": [
    "aurora-fc",
    "eclipse-town",
    "forge-fc",
    "glacier-fc",
    "granite-athletic",
    "mirage-sc",
    "nebula-rangers",
    "phoenix-rovers",
    "tempest-united"
  ],
  "type": "v6-round-robin",
  "zScoreMatrix": [
    [
      0.0,
      15.132,
      12.032,
      -10.61,
      17.554,
      4.599,
      -16.005,
      -10.143,
      -4.254
    ],
    [
      -15.132,
      0.0,
      3.998,
      -14.668,
      -3.991,
      -16.201,
      -17.942,
      -24.77,
      -15.369
    ],
    [
      -12.032,
      -3.998,
      0.0,
      -16.085,
      4.835,
      -13.514,
      6.16,
      -8.847,
      -12.931
    ],
    [
      10.61,
      14.668,
      16.085,
      0.0,
      11.98,
      -2.32,
      3.946,
      3.724,
      -14.576
    ],
    [
      -17.554,
      3.991,
      -4.835,
      -11.98,
      0.0,
      -9.327,
      5.184,
      -6.651,
      -21.555
    ],
    [
      -4.599,
      16.201,
      13.514,
      2.32,
      9.327,
      0.0,
      20.429,
      10.044,
      0.354
    ],
    [
      16.005,
      17.942,
      -6.16,
      -3.946,
      -5.184,
      -20.429,
      0.0,
      -19.721,
      4.486
    ],
    [
      10.143,
      24.77,
      8.847,
      -3.724,
      6.651,
      -10.044,
      19.721,
      0.0,
      -6.74
    ],
    [
      4.254,
      15.369,
      12.931,
      14.576,
      21.555,
      -0.354,
      -4.486,
      6.74,
      0.0
    ]
  ]
}
