{
  "createdAt": "2026-05-07T07:11:58Z",
  "gamesPerMatch": 500,
  "goalDiffMatrix": [
    [
      0.0,
      648.0,
      340.0,
      -492.0,
      589.0,
      139.0,
      612.0,
      -325.0,
      -213.0
    ],
    [
      -648.0,
      0.0,
      86.0,
      -498.0,
      -115.0,
      -460.0,
      45.0,
      -739.0,
      -540.0
    ],
    [
      -340.0,
      -86.0,
      0.0,
      -446.0,
      195.0,
      -362.0,
      -349.0,
      -250.0,
      -390.0
    ],
    [
      492.0,
      498.0,
      446.0,
      0.0,
      322.0,
      -69.0,
      590.0,
      209.0,
      -672.0
    ],
    [
      -589.0,
      115.0,
      -195.0,
      -322.0,
      0.0,
      -299.0,
      -154.0,
      -277.0,
      -858.0
    ],
    [
      -139.0,
      460.0,
      362.0,
      69.0,
      299.0,
      0.0,
      -86.0,
      268.0,
      -8.0
    ],
    [
      -612.0,
      -45.0,
      349.0,
      -590.0,
      154.0,
      86.0,
      0.0,
      -508.0,
      -1051.0
    ],
    [
      325.0,
      739.0,
      250.0,
      -209.0,
      277.0,
      -268.0,
      508.0,
      0.0,
      -257.0
    ],
    [
      213.0,
      540.0,
      390.0,
      672.0,
      858.0,
      8.0,
      1051.0,
      257.0,
      0.0
    ]
  ],
  "pointsMatrix": [
    [
      0.0,
      278.0,
      251.0,
      49.0,
      292.0,
      184.0,
      280.0,
      50.0,
      83.0
    ],
    [
      20.0,
      0.0,
      183.0,
      6.0,
      92.0,
      14.0,
      183.0,
      1.0,
      18.0
    ],
    [
      44.0,
      102.0,
      0.0,
      20.0,
      202.0,
      33.0,
      37.0,
      37.0,
      16.0
    ],
    [
      250.0,
      291.0,
      278.0,
      0.0,
      247.0,
      130.0,
      246.0,
      190.0,
      15.0
    ],
    [
      7.0,
      197.0,
      85.0,
      43.0,
      0.0,
      42.0,
      95.0,
      41.0,
      1.0
    ],
    [
      109.0,
      284.0,
      261.0,
      229.0,
      246.0,
      0.0,
      166.0,
      250.0,
      180.0
    ],
    [
      19.0,
      183.0,
      256.0,
      51.0,
      194.0,
      259.0,
      0.0,
      12.0,
      6.0
    ],
    [
      245.0,
      298.0,
      256.0,
      106.0,
      251.0,
      40.0,
      285.0,
      0.0,
      59.0
    ],
    [
      206.0,
      279.0,
      280.0,
      282.0,
      298.0,
      183.0,
      294.0,
      233.0,
      0.0
    ]
  ],
  "rankings": [
    {
      "draws": 42,
      "goalDiff": 3989.0,
      "losses": 112,
      "points": 2055.0,
      "rank": 1,
      "team": "tempest-united",
      "wins": 671,
      "zSum": 105.761
    },
    {
      "draws": 90,
      "goalDiff": 1225.0,
      "losses": 265,
      "points": 1725.0,
      "rank": 2,
      "team": "mirage-sc",
      "wins": 545,
      "zSum": 46.093999999999994
    },
    {
      "draws": 42,
      "goalDiff": 1816.0,
      "losses": 248,
      "points": 1647.0,
      "rank": 3,
      "team": "glacier-fc",
      "wins": 535,
      "zSum": 49.770999999999994
    },
    {
      "draws": 46,
      "goalDiff": 1365.0,
      "losses": 256,
      "points": 1540.0,
      "rank": 4,
      "team": "phoenix-rovers",
      "wins": 498,
      "zSum": 45.814
    },
    {
      "draws": 33,
      "goalDiff": 1298.0,
      "losses": 289,
      "points": 1467.0,
      "rank": 5,
      "team": "aurora-fc",
      "wins": 478,
      "zSum": 36.947
    },
    {
      "draws": 59,
      "goalDiff": -2217.0,
      "losses": 509,
      "points": 980.0,
      "rank": 6,
      "team": "nebula-rangers",
      "wins": 307,
      "zSum": -45.566
    },
    {
      "draws": 46,
      "goalDiff": -2869.0,
      "losses": 622,
      "points": 517.0,
      "rank": 7,
      "team": "eclipse-town",
      "wins": 157,
      "zSum": -83.871
    },
    {
      "draws": 67,
      "goalDiff": -2579.0,
      "losses": 585,
      "points": 511.0,
      "rank": 8,
      "team": "granite-athletic",
      "wins": 148,
      "zSum": -80.88199999999999
    },
    {
      "draws": 59,
      "goalDiff": -2028.0,
      "losses": 597,
      "points": 491.0,
      "rank": 9,
      "team": "forge-fc",
      "wins": 144,
      "zSum": -74.068
    }
  ],
  "teams": [
    "aurora-fc",
    "eclipse-town",
    "forge-fc",
    "glacier-fc",
    "granite-athletic",
    "mirage-sc",
    "nebula-rangers",
    "phoenix-rovers",
    "tempest-united"
  ],
  "type": "v6-round-robin",
  "zScoreMatrix": [
    [
      0.0,
      14.414,
      11.417,
      -11.238,
      18.647,
      3.453,
      15.606,
      -9.985,
      -5.367
    ],
    [
      -14.414,
      0.0,
      3.326,
      -16.354,
      -4.024,
      -16.516,
      0.855,
      -21.498,
      -15.246
    ],
    [
      -11.417,
      -3.326,
      0.0,
      -14.437,
      6.026,
      -12.461,
      -11.064,
      -10.675,
      -16.714
    ],
    [
      11.238,
      16.354,
      14.437,
      0.0,
      10.488,
      -2.851,
      9.958,
      4.994,
      -14.847
    ],
    [
      -18.647,
      4.024,
      -6.026,
      -10.488,
      0.0,
      -10.421,
      -4.223,
      -10.603,
      -24.498
    ],
    [
      -3.453,
      16.516,
      12.461,
      2.851,
      10.421,
      0.0,
      -2.603,
      10.095,
      -0.194
    ],
    [
      -15.606,
      -0.855,
      11.064,
      -9.958,
      4.223,
      2.603,
      0.0,
      -16.218,
      -20.819
    ],
    [
      9.985,
      21.498,
      10.675,
      -4.994,
      10.603,
      -10.095,
      16.218,
      0.0,
      -8.076
    ],
    [
      5.367,
      15.246,
      16.714,
      14.847,
      24.498,
      0.194,
      20.819,
      8.076,
      0.0
    ]
  ]
}
