{
  "createdAt": "2026-05-04T16:32:06Z",
  "gamesPerMatch": 1000,
  "goalDiffMatrix": [
    [
      0.0,
      -91.0,
      -39.0,
      -573.0,
      -30.0,
      63.0
    ],
    [
      91.0,
      0.0,
      2040.0,
      -155.0,
      548.0,
      342.0
    ],
    [
      39.0,
      -2040.0,
      0.0,
      -617.0,
      522.0,
      -58.0
    ],
    [
      573.0,
      155.0,
      617.0,
      0.0,
      253.0,
      170.0
    ],
    [
      30.0,
      -548.0,
      -522.0,
      -253.0,
      0.0,
      1008.0
    ],
    [
      -63.0,
      -342.0,
      58.0,
      -170.0,
      -1008.0,
      0.0
    ]
  ],
  "rankings": [
    {
      "goalDiff": 2866.0,
      "rank": 1,
      "team": "forge-fc",
      "zSum": 56.312999999999995
    },
    {
      "goalDiff": 1768.0,
      "rank": 2,
      "team": "mirage-sc",
      "zSum": 38.867
    },
    {
      "goalDiff": -285.0,
      "rank": 3,
      "team": "phoenix-rovers",
      "zSum": -4.798999999999996
    },
    {
      "goalDiff": -670.0,
      "rank": 4,
      "team": "aurora-fc",
      "zSum": -26.352
    },
    {
      "goalDiff": -1525.0,
      "rank": 5,
      "team": "tempest-united",
      "zSum": -47.92700000000001
    },
    {
      "goalDiff": -2154.0,
      "rank": 6,
      "team": "granite-athletic",
      "zSum": -16.101999999999997
    }
  ],
  "teams": [
    "aurora-fc",
    "forge-fc",
    "granite-athletic",
    "mirage-sc",
    "phoenix-rovers",
    "tempest-united"
  ],
  "type": "v6-round-robin",
  "zScoreMatrix": [
    [
      0.0,
      -8.4,
      -6.003,
      -12.965,
      -3.447,
      4.463
    ],
    [
      8.4,
      0.0,
      19.269,
      -3.814,
      14.824,
      17.634
    ],
    [
      6.003,
      -19.269,
      0.0,
      -15.415,
      15.456,
      -2.877
    ],
    [
      12.965,
      3.814,
      15.415,
      0.0,
      3.885,
      2.788
    ],
    [
      3.447,
      -14.824,
      -15.456,
      -3.885,
      0.0,
      25.919
    ],
    [
      -4.463,
      -17.634,
      2.877,
      -2.788,
      -25.919,
      0.0
    ]
  ]
}
