{
  "createdAt": "2026-05-05T09:26:11Z",
  "gamesPerMatch": 1000,
  "goalDiffMatrix": [
    [
      0.0,
      1697.0,
      890.0,
      -317.0,
      364.0,
      -661.0,
      915.0,
      -326.0,
      174.0,
      1496.0,
      1271.0,
      1185.0,
      1140.0
    ],
    [
      -1697.0,
      0.0,
      297.0,
      -676.0,
      -575.0,
      -1482.0,
      148.0,
      -1228.0,
      -570.0,
      1162.0,
      1062.0,
      1106.0,
      946.0
    ],
    [
      -890.0,
      -297.0,
      0.0,
      -514.0,
      -396.0,
      -1439.0,
      780.0,
      -278.0,
      -592.0,
      158.0,
      113.0,
      129.0,
      1098.0
    ],
    [
      317.0,
      676.0,
      514.0,
      0.0,
      492.0,
      -791.0,
      -199.0,
      409.0,
      678.0,
      1741.0,
      1742.0,
      1480.0,
      1537.0
    ],
    [
      -364.0,
      575.0,
      396.0,
      -492.0,
      0.0,
      -573.0,
      -9.0,
      -165.0,
      -206.0,
      820.0,
      827.0,
      794.0,
      326.0
    ],
    [
      661.0,
      1482.0,
      1439.0,
      791.0,
      573.0,
      0.0,
      1322.0,
      1393.0,
      1228.0,
      2573.0,
      2454.0,
      2279.0,
      2407.0
    ],
    [
      -915.0,
      -148.0,
      -780.0,
      199.0,
      9.0,
      -1322.0,
      0.0,
      -527.0,
      -182.0,
      1561.0,
      1943.0,
      1373.0,
      1816.0
    ],
    [
      326.0,
      1228.0,
      278.0,
      -409.0,
      165.0,
      -1393.0,
      527.0,
      0.0,
      3.0,
      867.0,
      904.0,
      727.0,
      551.0
    ],
    [
      -174.0,
      570.0,
      592.0,
      -678.0,
      206.0,
      -1228.0,
      182.0,
      -3.0,
      0.0,
      1552.0,
      1790.0,
      1534.0,
      1631.0
    ],
    [
      -1496.0,
      -1162.0,
      -158.0,
      -1741.0,
      -820.0,
      -2573.0,
      -1561.0,
      -867.0,
      -1552.0,
      0.0,
      -0.0,
      -0.0,
      -95.0
    ],
    [
      -1271.0,
      -1062.0,
      -113.0,
      -1742.0,
      -827.0,
      -2454.0,
      -1943.0,
      -904.0,
      -1790.0,
      0.0,
      0.0,
      -0.0,
      -99.0
    ],
    [
      -1185.0,
      -1106.0,
      -129.0,
      -1480.0,
      -794.0,
      -2279.0,
      -1373.0,
      -727.0,
      -1534.0,
      0.0,
      0.0,
      0.0,
      -105.0
    ],
    [
      -1140.0,
      -946.0,
      -1098.0,
      -1537.0,
      -326.0,
      -2407.0,
      -1816.0,
      -551.0,
      -1631.0,
      95.0,
      99.0,
      105.0,
      0.0
    ]
  ],
  "pointsMatrix": [
    [
      0.0,
      300.0,
      298.0,
      61.0,
      245.0,
      25.0,
      292.0,
      79.0,
      171.0,
      300.0,
      300.0,
      300.0,
      300.0
    ],
    [
      0.0,
      0.0,
      245.0,
      21.0,
      27.0,
      0.0,
      173.0,
      8.0,
      17.0,
      300.0,
      300.0,
      300.0,
      300.0
    ],
    [
      1.0,
      47.0,
      0.0,
      16.0,
      28.0,
      0.0,
      163.0,
      51.0,
      18.0,
      202.0,
      172.0,
      190.0,
      300.0
    ],
    [
      232.0,
      276.0,
      280.0,
      0.0,
      252.0,
      14.0,
      425.0,
      243.0,
      279.0,
      300.0,
      300.0,
      300.0,
      300.0
    ],
    [
      47.0,
      270.0,
      268.0,
      42.0,
      0.0,
      82.0,
      136.0,
      89.0,
      72.0,
      300.0,
      300.0,
      300.0,
      238.0
    ],
    [
      271.0,
      300.0,
      300.0,
      284.0,
      214.0,
      0.0,
      300.0,
      300.0,
      300.0,
      300.0,
      300.0,
      300.0,
      300.0
    ],
    [
      7.0,
      119.0,
      136.0,
      518.0,
      151.0,
      0.0,
      0.0,
      35.0,
      96.0,
      300.0,
      300.0,
      300.0,
      300.0
    ],
    [
      214.0,
      290.0,
      240.0,
      54.0,
      206.0,
      0.0,
      257.0,
      0.0,
      172.0,
      300.0,
      300.0,
      300.0,
      292.0
    ],
    [
      123.0,
      281.0,
      282.0,
      18.0,
      213.0,
      0.0,
      195.0,
      193.0,
      0.0,
      300.0,
      300.0,
      300.0,
      300.0
    ],
    [
      0.0,
      0.0,
      49.0,
      0.0,
      0.0,
      0.0,
      0.0,
      0.0,
      0.0,
      0.0,
      100.0,
      100.0,
      36.0
    ],
    [
      0.0,
      0.0,
      64.0,
      0.0,
      0.0,
      0.0,
      0.0,
      0.0,
      0.0,
      100.0,
      0.0,
      100.0,
      30.0
    ],
    [
      0.0,
      0.0,
      55.0,
      0.0,
      0.0,
      0.0,
      0.0,
      0.0,
      0.0,
      100.0,
      100.0,
      0.0,
      28.0
    ],
    [
      0.0,
      0.0,
      0.0,
      0.0,
      55.0,
      0.0,
      0.0,
      4.0,
      0.0,
      228.0,
      240.0,
      244.0,
      0.0
    ]
  ],
  "rankings": [
    {
      "draws": 10,
      "goalDiff": 18602.0,
      "losses": 37,
      "points": 3469.0,
      "rank": 1,
      "team": "mirage-sc",
      "wins": 1153,
      "zSum": 319.19599999999997
    },
    {
      "draws": 60,
      "goalDiff": 8596.0,
      "losses": 318,
      "points": 3201.0,
      "rank": 2,
      "team": "glacier-fc",
      "wins": 1047,
      "zSum": 151.46800000000002
    },
    {
      "draws": 34,
      "goalDiff": 7828.0,
      "losses": 287,
      "points": 2671.0,
      "rank": 3,
      "team": "aurora-fc",
      "wins": 879,
      "zSum": 227.186
    },
    {
      "draws": 48,
      "goalDiff": 3774.0,
      "losses": 318,
      "points": 2625.0,
      "rank": 4,
      "team": "phoenix-rovers",
      "wins": 859,
      "zSum": 103.074
    },
    {
      "draws": 45,
      "goalDiff": 5974.0,
      "losses": 360,
      "points": 2505.0,
      "rank": 5,
      "team": "tempest-united",
      "wins": 820,
      "zSum": 263.826
    },
    {
      "draws": 72,
      "goalDiff": 3027.0,
      "losses": 623,
      "points": 2262.0,
      "rank": 6,
      "team": "nebula-rangers",
      "wins": 730,
      "zSum": 135.88400000000001
    },
    {
      "draws": 65,
      "goalDiff": 1929.0,
      "losses": 442,
      "points": 2144.0,
      "rank": 7,
      "team": "granite-athletic",
      "wins": 693,
      "zSum": 118.089
    },
    {
      "draws": 26,
      "goalDiff": -1507.0,
      "losses": 619,
      "points": 1691.0,
      "rank": 8,
      "team": "eclipse-town",
      "wins": 555,
      "zSum": 5.8450000000000095
    },
    {
      "draws": 195,
      "goalDiff": -2128.0,
      "losses": 674,
      "points": 1188.0,
      "rank": 9,
      "team": "forge-fc",
      "wins": 331,
      "zSum": -80.17299999999999
    },
    {
      "draws": 105,
      "goalDiff": -11153.0,
      "losses": 873,
      "points": 771.0,
      "rank": 10,
      "team": "v4-baseline",
      "wins": 222,
      "zSum": -256.82500000000005
    },
    {
      "draws": 294,
      "goalDiff": -12205.0,
      "losses": 906,
      "points": 294.0,
      "rank": 11,
      "team": "v2-baseline",
      "wins": 0,
      "zSum": -346.642
    },
    {
      "draws": 285,
      "goalDiff": -12025.0,
      "losses": 915,
      "points": 285.0,
      "rank": 12,
      "team": "v1-baseline",
      "wins": 0,
      "zSum": -333.418
    },
    {
      "draws": 283,
      "goalDiff": -10712.0,
      "losses": 917,
      "points": 283.0,
      "rank": 13,
      "team": "v3-baseline",
      "wins": 0,
      "zSum": -307.51
    }
  ],
  "teams": [
    "aurora-fc",
    "eclipse-town",
    "forge-fc",
    "glacier-fc",
    "granite-athletic",
    "mirage-sc",
    "nebula-rangers",
    "phoenix-rovers",
    "tempest-united",
    "v1-baseline",
    "v2-baseline",
    "v3-baseline",
    "v4-baseline"
  ],
  "type": "legacy-round-robin",
  "zScoreMatrix": [
    [
      0.0,
      43.382,
      23.608,
      -7.377,
      8.946,
      -13.097,
      20.487,
      -6.047,
      3.884,
      47.504,
      41.323,
      38.0,
      26.573
    ],
    [
      -43.382,
      0.0,
      8.955,
      -14.365,
      -13.408,
      -38.114,
      2.674,
      -17.976,
      -15.362,
      35.654,
      31.33,
      38.16,
      31.679
    ],
    [
      -23.608,
      -8.955,
      0.0,
      -16.972,
      -13.253,
      -33.656,
      5.896,
      -8.725,
      -16.91,
      6.986,
      4.78,
      5.783,
      18.461
    ],
    [
      7.377,
      14.365,
      16.972,
      0.0,
      10.894,
      -18.965,
      -2.899,
      9.523,
      15.799,
      29.106,
      23.186,
      23.952,
      22.158
    ],
    [
      -8.946,
      13.408,
      13.253,
      -10.894,
      0.0,
      -7.077,
      -0.208,
      -4.926,
      -5.864,
      41.854,
      38.716,
      39.718,
      9.055
    ],
    [
      13.097,
      38.114,
      33.656,
      18.965,
      7.077,
      0.0,
      34.601,
      30.504,
      25.129,
      36.403,
      28.842,
      26.597,
      26.211
    ],
    [
      -20.487,
      -2.674,
      -5.896,
      2.899,
      0.208,
      -34.601,
      0.0,
      -10.384,
      -4.365,
      50.186,
      50.552,
      39.213,
      71.233
    ],
    [
      6.047,
      17.976,
      8.725,
      -9.523,
      4.926,
      -30.504,
      10.384,
      0.0,
      0.071,
      21.046,
      31.075,
      23.878,
      18.973
    ],
    [
      -3.884,
      15.362,
      16.91,
      -15.799,
      5.864,
      -25.129,
      4.365,
      -0.071,
      0.0,
      54.16,
      84.619,
      60.125,
      67.304
    ],
    [
      -47.504,
      -35.654,
      -6.986,
      -29.106,
      -41.854,
      -36.403,
      -50.186,
      -21.046,
      -54.16,
      0.0,
      -0.0,
      -0.0,
      -10.519
    ],
    [
      -41.323,
      -31.33,
      -4.78,
      -23.186,
      -38.716,
      -28.842,
      -50.552,
      -31.075,
      -84.619,
      0.0,
      0.0,
      -0.0,
      -12.219
    ],
    [
      -38.0,
      -38.16,
      -5.783,
      -23.952,
      -39.718,
      -26.597,
      -39.213,
      -23.878,
      -60.125,
      0.0,
      0.0,
      0.0,
      -12.084
    ],
    [
      -26.573,
      -31.679,
      -18.461,
      -22.158,
      -9.055,
      -26.211,
      -71.233,
      -18.973,
      -67.304,
      10.519,
      12.219,
      12.084,
      0.0
    ]
  ]
}
