{
  "createdAt": "2026-05-07T07:01:24Z",
  "gamesPerMatch": 500,
  "goalDiffMatrix": [
    [
      0.0,
      627.0,
      304.0,
      -511.0,
      627.0,
      145.0,
      257.0,
      -416.0,
      -183.0
    ],
    [
      -627.0,
      0.0,
      98.0,
      -488.0,
      -92.0,
      -451.0,
      319.0,
      -718.0,
      -542.0
    ],
    [
      -304.0,
      -98.0,
      0.0,
      -458.0,
      118.0,
      -381.0,
      -372.0,
      -205.0,
      -391.0
    ],
    [
      511.0,
      488.0,
      458.0,
      0.0,
      404.0,
      -42.0,
      332.0,
      228.0,
      -598.0
    ],
    [
      -627.0,
      92.0,
      -118.0,
      -404.0,
      0.0,
      -321.0,
      -229.0,
      -258.0,
      -865.0
    ],
    [
      -145.0,
      451.0,
      381.0,
      42.0,
      321.0,
      0.0,
      90.0,
      262.0,
      -3.0
    ],
    [
      -257.0,
      -319.0,
      372.0,
      -332.0,
      229.0,
      -90.0,
      0.0,
      487.0,
      -1353.0
    ],
    [
      416.0,
      718.0,
      205.0,
      -228.0,
      258.0,
      -262.0,
      -487.0,
      0.0,
      -247.0
    ],
    [
      183.0,
      542.0,
      391.0,
      598.0,
      865.0,
      3.0,
      1353.0,
      247.0,
      0.0
    ]
  ],
  "pointsMatrix": [
    [
      0.0,
      274.0,
      260.0,
      21.0,
      295.0,
      274.0,
      229.0,
      29.0,
      97.0
    ],
    [
      25.0,
      0.0,
      197.0,
      8.0,
      99.0,
      10.0,
      222.0,
      1.0,
      16.0
    ],
    [
      29.0,
      83.0,
      0.0,
      5.0,
      190.0,
      10.0,
      33.0,
      43.0,
      26.0
    ],
    [
      276.0,
      290.0,
      293.0,
      0.0,
      263.0,
      236.0,
      228.0,
      227.0,
      19.0
    ],
    [
      4.0,
      186.0,
      97.0,
      32.0,
      0.0,
      35.0,
      80.0,
      42.0,
      1.0
    ],
    [
      157.0,
      289.0,
      286.0,
      338.0,
      260.0,
      0.0,
      291.0,
      259.0,
      525.0
    ],
    [
      61.0,
      72.0,
      264.0,
      66.0,
      215.0,
      201.0,
      0.0,
      270.0,
      1.0
    ],
    [
      266.0,
      298.0,
      244.0,
      68.0,
      243.0,
      31.0,
      24.0,
      0.0,
      50.0
    ],
    [
      196.0,
      280.0,
      272.0,
      274.0,
      298.0,
      558.0,
      298.0,
      239.0,
      0.0
    ]
  ],
  "rankings": [
    {
      "draws": 75,
      "goalDiff": 4182.0,
      "losses": 220,
      "points": 2415.0,
      "rank": 1,
      "team": "tempest-united",
      "wins": 780,
      "zSum": 98.63600000000002
    },
    {
      "draws": 140,
      "goalDiff": 1399.0,
      "losses": 405,
      "points": 2405.0,
      "rank": 2,
      "team": "mirage-sc",
      "wins": 755,
      "zSum": 59.46300000000001
    },
    {
      "draws": 56,
      "goalDiff": 1781.0,
      "losses": 252,
      "points": 1832.0,
      "rank": 3,
      "team": "glacier-fc",
      "wins": 592,
      "zSum": 56.432
    },
    {
      "draws": 57,
      "goalDiff": 850.0,
      "losses": 319,
      "points": 1479.0,
      "rank": 4,
      "team": "aurora-fc",
      "wins": 474,
      "zSum": 29.855999999999998
    },
    {
      "draws": 66,
      "goalDiff": 373.0,
      "losses": 348,
      "points": 1224.0,
      "rank": 5,
      "team": "phoenix-rovers",
      "wins": 386,
      "zSum": 14.401999999999994
    },
    {
      "draws": 70,
      "goalDiff": -1263.0,
      "losses": 445,
      "points": 1150.0,
      "rank": 6,
      "team": "nebula-rangers",
      "wins": 360,
      "zSum": -15.381
    },
    {
      "draws": 50,
      "goalDiff": -2501.0,
      "losses": 574,
      "points": 578.0,
      "rank": 7,
      "team": "eclipse-town",
      "wins": 176,
      "zSum": -76.864
    },
    {
      "draws": 60,
      "goalDiff": -2730.0,
      "losses": 601,
      "points": 477.0,
      "rank": 8,
      "team": "granite-athletic",
      "wins": 139,
      "zSum": -82.578
    },
    {
      "draws": 68,
      "goalDiff": -2091.0,
      "losses": 615,
      "points": 419.0,
      "rank": 9,
      "team": "forge-fc",
      "wins": 117,
      "zSum": -83.96600000000001
    }
  ],
  "teams": [
    "aurora-fc",
    "eclipse-town",
    "forge-fc",
    "glacier-fc",
    "granite-athletic",
    "mirage-sc",
    "nebula-rangers",
    "phoenix-rovers",
    "tempest-united"
  ],
  "type": "v6-round-robin",
  "zScoreMatrix": [
    [
      0.0,
      14.121,
      13.422,
      -13.503,
      20.096,
      3.784,
      8.183,
      -11.748,
      -4.499
    ],
    [
      -14.121,
      0.0,
      4.864,
      -15.969,
      -3.283,
      -18.98,
      7.337,
      -22.123,
      -14.589
    ],
    [
      -13.422,
      -4.864,
      0.0,
      -15.627,
      3.934,
      -17.963,
      -13.85,
      -9.897,
      -12.277
    ],
    [
      13.503,
      15.969,
      15.627,
      0.0,
      11.854,
      -1.173,
      7.38,
      5.889,
      -12.617
    ],
    [
      -20.096,
      3.283,
      -3.934,
      -11.854,
      0.0,
      -10.887,
      -5.914,
      -9.565,
      -23.611
    ],
    [
      -3.784,
      18.98,
      17.963,
      1.173,
      10.887,
      0.0,
      2.739,
      11.548,
      -0.043
    ],
    [
      -8.183,
      -7.337,
      13.85,
      -7.38,
      5.914,
      -2.739,
      0.0,
      13.558,
      -23.064
    ],
    [
      11.748,
      22.123,
      9.897,
      -5.889,
      9.565,
      -11.548,
      -13.558,
      0.0,
      -7.936
    ],
    [
      4.499,
      14.589,
      12.277,
      12.617,
      23.611,
      0.043,
      23.064,
      7.936,
      0.0
    ]
  ]
}
