{
  "createdAt": "2026-05-07T06:09:36Z",
  "gamesPerMatch": 2000,
  "goalDiffMatrix": [
    [
      0.0,
      580.0,
      310.0,
      -500.0,
      589.0,
      149.0,
      383.0,
      -416.0,
      -194.0
    ],
    [
      -580.0,
      0.0,
      94.0,
      -491.0,
      -89.0,
      -430.0,
      397.0,
      -771.0,
      -550.0
    ],
    [
      -310.0,
      -94.0,
      0.0,
      -483.0,
      126.0,
      -338.0,
      -183.0,
      -224.0,
      -419.0
    ],
    [
      500.0,
      491.0,
      483.0,
      0.0,
      417.0,
      -96.0,
      528.0,
      166.0,
      -634.0
    ],
    [
      -589.0,
      89.0,
      -126.0,
      -417.0,
      0.0,
      -301.0,
      84.0,
      -204.0,
      -872.0
    ],
    [
      -149.0,
      430.0,
      338.0,
      96.0,
      301.0,
      0.0,
      624.0,
      279.0,
      455.0
    ],
    [
      -383.0,
      -397.0,
      183.0,
      -528.0,
      -84.0,
      -624.0,
      0.0,
      -1014.0,
      -118.0
    ],
    [
      416.0,
      771.0,
      224.0,
      -166.0,
      204.0,
      -279.0,
      1014.0,
      0.0,
      -206.0
    ],
    [
      194.0,
      550.0,
      419.0,
      634.0,
      872.0,
      -455.0,
      118.0,
      206.0,
      0.0
    ]
  ],
  "pointsMatrix": [
    [
      0.0,
      284.0,
      262.0,
      19.0,
      293.0,
      226.0,
      254.0,
      25.0,
      99.0
    ],
    [
      11.0,
      0.0,
      225.0,
      8.0,
      101.0,
      8.0,
      268.0,
      0.0,
      7.0
    ],
    [
      31.0,
      126.0,
      0.0,
      11.0,
      186.0,
      26.0,
      64.0,
      41.0,
      12.0
    ],
    [
      274.0,
      290.0,
      287.0,
      0.0,
      271.0,
      91.0,
      230.0,
      198.0,
      18.0
    ],
    [
      5.0,
      182.0,
      102.0,
      22.0,
      0.0,
      48.0,
      370.0,
      64.0,
      3.0
    ],
    [
      130.0,
      290.0,
      272.0,
      187.0,
      246.0,
      0.0,
      300.0,
      252.0,
      3030.0
    ],
    [
      44.0,
      28.0,
      226.0,
      65.0,
      262.0,
      0.0,
      0.0,
      0.0,
      140.0
    ],
    [
      271.0,
      300.0,
      248.0,
      90.0,
      226.0,
      36.0,
      300.0,
      0.0,
      66.0
    ],
    [
      192.0,
      292.0,
      285.0,
      282.0,
      297.0,
      2766.0,
      218.0,
      225.0,
      0.0
    ]
  ],
  "rankings": [
    {
      "draws": 267,
      "goalDiff": 2374.0,
      "losses": 978,
      "points": 4707.0,
      "rank": 1,
      "team": "mirage-sc",
      "wins": 1480,
      "zSum": 79.04099999999998
    },
    {
      "draws": 243,
      "goalDiff": 2538.0,
      "losses": 1044,
      "points": 4557.0,
      "rank": 2,
      "team": "tempest-united",
      "wins": 1438,
      "zSum": 83.244
    },
    {
      "draws": 57,
      "goalDiff": 1855.0,
      "losses": 209,
      "points": 1659.0,
      "rank": 3,
      "team": "glacier-fc",
      "wins": 534,
      "zSum": 53.88999999999999
    },
    {
      "draws": 58,
      "goalDiff": 1978.0,
      "losses": 249,
      "points": 1537.0,
      "rank": 4,
      "team": "phoenix-rovers",
      "wins": 493,
      "zSum": 73.805
    },
    {
      "draws": 55,
      "goalDiff": 901.0,
      "losses": 301,
      "points": 1462.0,
      "rank": 5,
      "team": "aurora-fc",
      "wins": 469,
      "zSum": 31.095999999999997
    },
    {
      "draws": 97,
      "goalDiff": -2336.0,
      "losses": 595,
      "points": 796.0,
      "rank": 6,
      "team": "granite-athletic",
      "wins": 233,
      "zSum": -75.68799999999999
    },
    {
      "draws": 81,
      "goalDiff": -2965.0,
      "losses": 641,
      "points": 765.0,
      "rank": 7,
      "team": "nebula-rangers",
      "wins": 228,
      "zSum": -90.903
    },
    {
      "draws": 55,
      "goalDiff": -2420.0,
      "losses": 579,
      "points": 628.0,
      "rank": 8,
      "team": "eclipse-town",
      "wins": 191,
      "zSum": -78.291
    },
    {
      "draws": 71,
      "goalDiff": -1925.0,
      "losses": 612,
      "points": 497.0,
      "rank": 9,
      "team": "forge-fc",
      "wins": 142,
      "zSum": -76.19399999999999
    }
  ],
  "teams": [
    "aurora-fc",
    "eclipse-town",
    "forge-fc",
    "glacier-fc",
    "granite-athletic",
    "mirage-sc",
    "nebula-rangers",
    "phoenix-rovers",
    "tempest-united"
  ],
  "type": "v6-round-robin",
  "zScoreMatrix": [
    [
      0.0,
      14.518,
      12.015,
      -13.441,
      19.963,
      4.278,
      10.273,
      -12.145,
      -4.365
    ],
    [
      -14.518,
      0.0,
      3.603,
      -15.148,
      -3.401,
      -16.443,
      13.431,
      -30.453,
      -15.362
    ],
    [
      -12.015,
      -3.603,
      0.0,
      -16.108,
      4.468,
      -13.236,
      -7.613,
      -11.254,
      -16.833
    ],
    [
      13.441,
      15.148,
      16.108,
      0.0,
      13.133,
      -4.618,
      10.043,
      4.69,
      -14.055
    ],
    [
      -19.963,
      3.401,
      -4.468,
      -13.133,
      0.0,
      -10.136,
      2.256,
      -7.95,
      -25.695
    ],
    [
      -4.278,
      16.443,
      13.236,
      4.618,
      10.136,
      0.0,
      25.909,
      10.106,
      2.871
    ],
    [
      -10.273,
      -13.431,
      7.613,
      -10.043,
      -2.256,
      -25.909,
      0.0,
      -33.262,
      -3.342
    ],
    [
      12.145,
      30.453,
      11.254,
      -4.69,
      7.95,
      -10.106,
      33.262,
      0.0,
      -6.463
    ],
    [
      4.365,
      15.362,
      16.833,
      14.055,
      25.695,
      -2.871,
      3.342,
      6.463,
      0.0
    ]
  ]
}
