{
  "createdAt": "2026-05-07T05:28:38Z",
  "gamesPerMatch": 500,
  "goalDiffMatrix": [
    [
      0.0,
      565.0,
      337.0,
      -514.0,
      583.0,
      142.0,
      719.0,
      -417.0,
      -152.0
    ],
    [
      -565.0,
      0.0,
      112.0,
      -476.0,
      -112.0,
      -437.0,
      391.0,
      -769.0,
      -525.0
    ],
    [
      -337.0,
      -112.0,
      0.0,
      -519.0,
      141.0,
      -342.0,
      -296.0,
      -210.0,
      -416.0
    ],
    [
      514.0,
      476.0,
      519.0,
      0.0,
      451.0,
      -137.0,
      600.0,
      128.0,
      -673.0
    ],
    [
      -583.0,
      112.0,
      -141.0,
      -451.0,
      0.0,
      -253.0,
      -11.0,
      -260.0,
      -879.0
    ],
    [
      -142.0,
      437.0,
      342.0,
      137.0,
      253.0,
      0.0,
      219.0,
      270.0,
      -0.0
    ],
    [
      -719.0,
      -391.0,
      296.0,
      -600.0,
      11.0,
      -219.0,
      0.0,
      -667.0,
      -1427.0
    ],
    [
      417.0,
      769.0,
      210.0,
      -128.0,
      260.0,
      -270.0,
      667.0,
      0.0,
      -260.0
    ],
    [
      152.0,
      525.0,
      416.0,
      673.0,
      879.0,
      0.0,
      1427.0,
      260.0,
      0.0
    ]
  ],
  "pointsMatrix": [
    [
      0.0,
      274.0,
      275.0,
      25.0,
      290.0,
      221.0,
      296.0,
      53.0,
      105.0
    ],
    [
      25.0,
      0.0,
      220.0,
      20.0,
      88.0,
      15.0,
      245.0,
      1.0,
      32.0
    ],
    [
      17.0,
      67.0,
      0.0,
      10.0,
      182.0,
      27.0,
      38.0,
      41.0,
      13.0
    ],
    [
      274.0,
      278.0,
      283.0,
      0.0,
      270.0,
      488.0,
      276.0,
      179.0,
      17.0
    ],
    [
      8.0,
      193.0,
      104.0,
      24.0,
      0.0,
      48.0,
      183.0,
      44.0,
      1.0
    ],
    [
      140.0,
      282.0,
      264.0,
      629.0,
      240.0,
      0.0,
      229.0,
      246.0,
      320.0
    ],
    [
      2.0,
      50.0,
      257.0,
      21.0,
      177.0,
      61.0,
      0.0,
      3.0,
      0.0
    ],
    [
      236.0,
      298.0,
      245.0,
      110.0,
      248.0,
      39.0,
      297.0,
      0.0,
      56.0
    ],
    [
      183.0,
      263.0,
      283.0,
      278.0,
      298.0,
      335.0,
      300.0,
      236.0,
      0.0
    ]
  ],
  "rankings": [
    {
      "draws": 166,
      "goalDiff": 1516.0,
      "losses": 356,
      "points": 2350.0,
      "rank": 1,
      "team": "mirage-sc",
      "wins": 728,
      "zSum": 55.149
    },
    {
      "draws": 55,
      "goalDiff": 4332.0,
      "losses": 163,
      "points": 2176.0,
      "rank": 2,
      "team": "tempest-united",
      "wins": 707,
      "zSum": 105.932
    },
    {
      "draws": 118,
      "goalDiff": 1878.0,
      "losses": 333,
      "points": 2065.0,
      "rank": 3,
      "team": "glacier-fc",
      "wins": 649,
      "zSum": 60.025999999999996
    },
    {
      "draws": 51,
      "goalDiff": 1263.0,
      "losses": 278,
      "points": 1539.0,
      "rank": 4,
      "team": "aurora-fc",
      "wins": 496,
      "zSum": 43.632
    },
    {
      "draws": 68,
      "goalDiff": 1665.0,
      "losses": 245,
      "points": 1529.0,
      "rank": 5,
      "team": "phoenix-rovers",
      "wins": 487,
      "zSum": 55.61600000000001
    },
    {
      "draws": 49,
      "goalDiff": -2381.0,
      "losses": 552,
      "points": 646.0,
      "rank": 6,
      "team": "eclipse-town",
      "wins": 199,
      "zSum": -70.61000000000001
    },
    {
      "draws": 77,
      "goalDiff": -2466.0,
      "losses": 572,
      "points": 605.0,
      "rank": 7,
      "team": "granite-athletic",
      "wins": 176,
      "zSum": -71.78299999999999
    },
    {
      "draws": 40,
      "goalDiff": -3716.0,
      "losses": 608,
      "points": 571.0,
      "rank": 8,
      "team": "nebula-rangers",
      "wins": 177,
      "zSum": -94.668
    },
    {
      "draws": 74,
      "goalDiff": -2091.0,
      "losses": 619,
      "points": 395.0,
      "rank": 9,
      "team": "forge-fc",
      "wins": 107,
      "zSum": -83.29400000000001
    }
  ],
  "teams": [
    "aurora-fc",
    "eclipse-town",
    "forge-fc",
    "glacier-fc",
    "granite-athletic",
    "mirage-sc",
    "nebula-rangers",
    "phoenix-rovers",
    "tempest-united"
  ],
  "type": "v6-round-robin",
  "zScoreMatrix": [
    [
      0.0,
      13.624,
      14.004,
      -13.992,
      17.301,
      4.202,
      21.498,
      -9.182,
      -3.823
    ],
    [
      -13.624,
      0.0,
      6.606,
      -15.495,
      -4.303,
      -17.17,
      9.514,
      -23.486,
      -12.652
    ],
    [
      -14.004,
      -6.606,
      0.0,
      -18.084,
      4.329,
      -11.983,
      -9.721,
      -10.54,
      -16.685
    ],
    [
      13.992,
      15.495,
      18.084,
      0.0,
      13.003,
      -3.041,
      14.556,
      3.652,
      -15.715
    ],
    [
      -17.301,
      4.303,
      -4.329,
      -13.003,
      0.0,
      -8.62,
      -0.285,
      -9.834,
      -22.714
    ],
    [
      -4.202,
      17.17,
      11.983,
      3.041,
      8.62,
      0.0,
      8.181,
      10.356,
      -0.0
    ],
    [
      -21.498,
      -9.514,
      9.721,
      -14.556,
      0.285,
      -8.181,
      0.0,
      -23.946,
      -26.979
    ],
    [
      9.182,
      23.486,
      10.54,
      -3.652,
      9.834,
      -10.356,
      23.946,
      0.0,
      -7.364
    ],
    [
      3.823,
      12.652,
      16.685,
      15.715,
      22.714,
      0.0,
      26.979,
      7.364,
      0.0
    ]
  ]
}
