{
  "createdAt": "2026-05-07T07:34:32Z",
  "gamesPerMatch": 500,
  "goalDiffMatrix": [
    [
      0.0,
      702.0,
      323.0,
      -455.0,
      630.0,
      144.0,
      -507.0,
      -378.0,
      -198.0
    ],
    [
      -702.0,
      0.0,
      122.0,
      -499.0,
      -82.0,
      -457.0,
      -287.0,
      -769.0,
      -529.0
    ],
    [
      -323.0,
      -122.0,
      0.0,
      -433.0,
      150.0,
      -298.0,
      -125.0,
      -215.0,
      -425.0
    ],
    [
      455.0,
      499.0,
      433.0,
      0.0,
      367.0,
      -81.0,
      309.0,
      213.0,
      -739.0
    ],
    [
      -630.0,
      82.0,
      -150.0,
      -367.0,
      0.0,
      -252.0,
      -219.0,
      -283.0,
      -791.0
    ],
    [
      -144.0,
      457.0,
      298.0,
      81.0,
      252.0,
      0.0,
      694.0,
      210.0,
      104.0
    ],
    [
      507.0,
      287.0,
      125.0,
      -309.0,
      219.0,
      -694.0,
      0.0,
      -94.0,
      -692.0
    ],
    [
      378.0,
      769.0,
      215.0,
      -213.0,
      283.0,
      -210.0,
      94.0,
      0.0,
      -291.0
    ],
    [
      198.0,
      529.0,
      425.0,
      739.0,
      791.0,
      -104.0,
      692.0,
      291.0,
      0.0
    ]
  ],
  "pointsMatrix": [
    [
      0.0,
      285.0,
      266.0,
      38.0,
      294.0,
      198.0,
      83.0,
      41.0,
      98.0
    ],
    [
      12.0,
      0.0,
      213.0,
      15.0,
      88.0,
      13.0,
      71.0,
      4.0,
      27.0
    ],
    [
      29.0,
      75.0,
      0.0,
      11.0,
      185.0,
      39.0,
      92.0,
      35.0,
      12.0
    ],
    [
      257.0,
      282.0,
      281.0,
      0.0,
      258.0,
      198.0,
      228.0,
      208.0,
      8.0
    ],
    [
      6.0,
      196.0,
      98.0,
      36.0,
      0.0,
      57.0,
      70.0,
      31.0,
      0.0
    ],
    [
      93.0,
      283.0,
      252.0,
      297.0,
      231.0,
      0.0,
      294.0,
      225.0,
      301.0
    ],
    [
      212.0,
      224.0,
      197.0,
      66.0,
      223.0,
      6.0,
      0.0,
      109.0,
      8.0
    ],
    [
      254.0,
      295.0,
      254.0,
      85.0,
      262.0,
      63.0,
      184.0,
      0.0,
      55.0
    ],
    [
      197.0,
      270.0,
      282.0,
      290.0,
      300.0,
      202.0,
      290.0,
      241.0,
      0.0
    ]
  ],
  "rankings": [
    {
      "draws": 44,
      "goalDiff": 3561.0,
      "losses": 155,
      "points": 2072.0,
      "rank": 1,
      "team": "tempest-united",
      "wins": 676,
      "zSum": 97.25800000000001
    },
    {
      "draws": 98,
      "goalDiff": 1952.0,
      "losses": 226,
      "points": 1976.0,
      "rank": 2,
      "team": "mirage-sc",
      "wins": 626,
      "zSum": 68.70700000000001
    },
    {
      "draws": 67,
      "goalDiff": 1456.0,
      "losses": 257,
      "points": 1720.0,
      "rank": 3,
      "team": "glacier-fc",
      "wins": 551,
      "zSum": 49.397000000000006
    },
    {
      "draws": 54,
      "goalDiff": 1025.0,
      "losses": 280,
      "points": 1452.0,
      "rank": 4,
      "team": "phoenix-rovers",
      "wins": 466,
      "zSum": 37.974
    },
    {
      "draws": 37,
      "goalDiff": 261.0,
      "losses": 341,
      "points": 1303.0,
      "rank": 5,
      "team": "aurora-fc",
      "wins": 422,
      "zSum": 20.052000000000007
    },
    {
      "draws": 43,
      "goalDiff": -651.0,
      "losses": 423,
      "points": 1045.0,
      "rank": 6,
      "team": "nebula-rangers",
      "wins": 334,
      "zSum": -24.281999999999996
    },
    {
      "draws": 65,
      "goalDiff": -2610.0,
      "losses": 592,
      "points": 494.0,
      "rank": 7,
      "team": "granite-athletic",
      "wins": 143,
      "zSum": -81.779
    },
    {
      "draws": 79,
      "goalDiff": -1791.0,
      "losses": 588,
      "points": 478.0,
      "rank": 8,
      "team": "forge-fc",
      "wins": 133,
      "zSum": -71.07
    },
    {
      "draws": 47,
      "goalDiff": -3203.0,
      "losses": 621,
      "points": 443.0,
      "rank": 9,
      "team": "eclipse-town",
      "wins": 132,
      "zSum": -96.257
    }
  ],
  "teams": [
    "aurora-fc",
    "eclipse-town",
    "forge-fc",
    "glacier-fc",
    "granite-athletic",
    "mirage-sc",
    "nebula-rangers",
    "phoenix-rovers",
    "tempest-united"
  ],
  "type": "v6-round-robin",
  "zScoreMatrix": [
    [
      0.0,
      16.05,
      12.22,
      -10.357,
      18.96,
      4.323,
      -6.599,
      -10.084,
      -4.461
    ],
    [
      -16.05,
      0.0,
      6.267,
      -18.753,
      -3.078,
      -17.693,
      -6.539,
      -26.347,
      -14.064
    ],
    [
      -12.22,
      -6.267,
      0.0,
      -14.811,
      4.825,
      -10.444,
      -4.732,
      -10.767,
      -16.654
    ],
    [
      10.357,
      18.753,
      14.811,
      0.0,
      11.333,
      -2.354,
      7.896,
      5.866,
      -17.265
    ],
    [
      -18.96,
      3.078,
      -4.825,
      -11.333,
      0.0,
      -9.042,
      -6.772,
      -10.878,
      -23.047
    ],
    [
      -4.323,
      17.693,
      10.444,
      2.354,
      9.042,
      0.0,
      23.177,
      8.007,
      2.313
    ],
    [
      6.599,
      6.539,
      4.732,
      -7.896,
      6.772,
      -23.177,
      0.0,
      -2.445,
      -15.406
    ],
    [
      10.084,
      26.347,
      10.767,
      -5.866,
      10.878,
      -8.007,
      2.445,
      0.0,
      -8.674
    ],
    [
      4.461,
      14.064,
      16.654,
      17.265,
      23.047,
      -2.313,
      15.406,
      8.674,
      0.0
    ]
  ]
}
