{
  "createdAt": "2026-05-06T19:58:45Z",
  "gamesPerMatch": 500,
  "goalDiffMatrix": [
    [
      0.0,
      559.0,
      322.0,
      -449.0,
      574.0,
      180.0,
      549.0,
      -326.0,
      -250.0
    ],
    [
      -559.0,
      0.0,
      90.0,
      -475.0,
      -93.0,
      -417.0,
      64.0,
      -714.0,
      -536.0
    ],
    [
      -322.0,
      -90.0,
      0.0,
      -400.0,
      140.0,
      -327.0,
      -266.0,
      -214.0,
      -377.0
    ],
    [
      449.0,
      475.0,
      400.0,
      0.0,
      392.0,
      -143.0,
      13.0,
      149.0,
      -618.0
    ],
    [
      -574.0,
      93.0,
      -140.0,
      -392.0,
      0.0,
      -286.0,
      -193.0,
      -226.0,
      -851.0
    ],
    [
      -180.0,
      417.0,
      327.0,
      143.0,
      286.0,
      0.0,
      109.0,
      286.0,
      11.0
    ],
    [
      -549.0,
      -64.0,
      266.0,
      -13.0,
      193.0,
      -109.0,
      0.0,
      -528.0,
      -1019.0
    ],
    [
      326.0,
      714.0,
      214.0,
      -149.0,
      226.0,
      -286.0,
      528.0,
      0.0,
      -227.0
    ],
    [
      250.0,
      536.0,
      377.0,
      618.0,
      851.0,
      -11.0,
      1019.0,
      227.0,
      0.0
    ]
  ],
  "pointsMatrix": [
    [
      0.0,
      276.0,
      262.0,
      41.0,
      292.0,
      228.0,
      284.0,
      44.0,
      80.0
    ],
    [
      18.0,
      0.0,
      185.0,
      11.0,
      105.0,
      19.0,
      248.0,
      0.0,
      16.0
    ],
    [
      25.0,
      98.0,
      0.0,
      10.0,
      186.0,
      22.0,
      47.0,
      35.0,
      12.0
    ],
    [
      251.0,
      284.0,
      283.0,
      0.0,
      261.0,
      623.0,
      464.0,
      202.0,
      9.0
    ],
    [
      7.0,
      186.0,
      99.0,
      33.0,
      0.0,
      43.0,
      624.0,
      55.0,
      3.0
    ],
    [
      135.0,
      277.0,
      265.0,
      791.0,
      247.0,
      0.0,
      204.0,
      256.0,
      188.0
    ],
    [
      14.0,
      263.0,
      242.0,
      482.0,
      675.0,
      81.0,
      0.0,
      10.0,
      4.0
    ],
    [
      248.0,
      300.0,
      254.0,
      88.0,
      232.0,
      34.0,
      286.0,
      0.0,
      90.0
    ],
    [
      209.0,
      280.0,
      282.0,
      288.0,
      297.0,
      173.0,
      295.0,
      207.0,
      0.0
    ]
  ],
  "rankings": [
    {
      "draws": 154,
      "goalDiff": 1117.0,
      "losses": 530,
      "points": 2377.0,
      "rank": 1,
      "team": "glacier-fc",
      "wins": 741,
      "zSum": 40.730999999999995
    },
    {
      "draws": 164,
      "goalDiff": 1399.0,
      "losses": 353,
      "points": 2363.0,
      "rank": 2,
      "team": "mirage-sc",
      "wins": 733,
      "zSum": 51.220000000000006
    },
    {
      "draws": 42,
      "goalDiff": 3867.0,
      "losses": 120,
      "points": 2031.0,
      "rank": 3,
      "team": "tempest-united",
      "wins": 663,
      "zSum": 100.34700000000001
    },
    {
      "draws": 127,
      "goalDiff": -1823.0,
      "losses": 775,
      "points": 1771.0,
      "rank": 4,
      "team": "nebula-rangers",
      "wins": 548,
      "zSum": -46.568999999999996
    },
    {
      "draws": 59,
      "goalDiff": 1346.0,
      "losses": 250,
      "points": 1532.0,
      "rank": 5,
      "team": "phoenix-rovers",
      "wins": 491,
      "zSum": 46.293
    },
    {
      "draws": 61,
      "goalDiff": 1159.0,
      "losses": 282,
      "points": 1507.0,
      "rank": 6,
      "team": "aurora-fc",
      "wins": 482,
      "zSum": 37.30199999999999
    },
    {
      "draws": 105,
      "goalDiff": -2569.0,
      "losses": 730,
      "points": 1050.0,
      "rank": 7,
      "team": "granite-athletic",
      "wins": 315,
      "zSum": -78.112
    },
    {
      "draws": 59,
      "goalDiff": -2640.0,
      "losses": 635,
      "points": 602.0,
      "rank": 8,
      "team": "eclipse-town",
      "wins": 181,
      "zSum": -78.45700000000001
    },
    {
      "draws": 93,
      "goalDiff": -1856.0,
      "losses": 593,
      "points": 435.0,
      "rank": 9,
      "team": "forge-fc",
      "wins": 114,
      "zSum": -72.75500000000001
    }
  ],
  "teams": [
    "aurora-fc",
    "eclipse-town",
    "forge-fc",
    "glacier-fc",
    "granite-athletic",
    "mirage-sc",
    "nebula-rangers",
    "phoenix-rovers",
    "tempest-united"
  ],
  "type": "v6-round-robin",
  "zScoreMatrix": [
    [
      0.0,
      13.116,
      11.613,
      -10.204,
      18.596,
      4.461,
      16.101,
      -10.43,
      -5.951
    ],
    [
      -13.116,
      0.0,
      4.576,
      -14.778,
      -3.908,
      -14.724,
      0.964,
      -23.733,
      -13.738
    ],
    [
      -11.613,
      -4.576,
      0.0,
      -14.631,
      4.919,
      -12.061,
      -9.56,
      -10.673,
      -14.56
    ],
    [
      10.204,
      14.778,
      14.631,
      0.0,
      13.244,
      -2.746,
      0.16,
      4.792,
      -14.332
    ],
    [
      -18.596,
      3.908,
      -4.919,
      -13.244,
      0.0,
      -9.76,
      -2.551,
      -7.905,
      -25.045
    ],
    [
      -4.461,
      14.724,
      12.061,
      2.746,
      9.76,
      0.0,
      4.728,
      11.41,
      0.252
    ],
    [
      -16.101,
      -0.964,
      9.56,
      -0.16,
      2.551,
      -4.728,
      0.0,
      -15.711,
      -21.016
    ],
    [
      10.43,
      23.733,
      10.673,
      -4.792,
      7.905,
      -11.41,
      15.711,
      0.0,
      -5.957
    ],
    [
      5.951,
      13.738,
      14.56,
      14.332,
      25.045,
      -0.252,
      21.016,
      5.957,
      0.0
    ]
  ]
}
