{
  "createdAt": "2026-05-07T12:33:44Z",
  "gamesPerMatch": 100,
  "goalDiffMatrix": [
    [
      0.0,
      905.0,
      222.0,
      -534.0,
      495.0,
      61.0,
      -1212.0,
      -356.0,
      -186.0
    ],
    [
      -905.0,
      0.0,
      -88.0,
      -734.0,
      -279.0,
      -769.0,
      -973.0,
      -1136.0,
      -820.0
    ],
    [
      -222.0,
      88.0,
      0.0,
      -522.0,
      90.0,
      -449.0,
      90.0,
      -147.0,
      -221.0
    ],
    [
      534.0,
      734.0,
      522.0,
      0.0,
      242.0,
      -287.0,
      1.0,
      145.0,
      -637.0
    ],
    [
      -495.0,
      279.0,
      -90.0,
      -242.0,
      0.0,
      -406.0,
      -188.0,
      -281.0,
      -841.0
    ],
    [
      -61.0,
      769.0,
      449.0,
      287.0,
      406.0,
      0.0,
      1075.0,
      322.0,
      275.0
    ],
    [
      1212.0,
      973.0,
      -90.0,
      -1.0,
      188.0,
      -1075.0,
      0.0,
      -851.0,
      341.0
    ],
    [
      356.0,
      1136.0,
      147.0,
      -145.0,
      281.0,
      -322.0,
      851.0,
      0.0,
      -153.0
    ],
    [
      186.0,
      820.0,
      221.0,
      637.0,
      841.0,
      -275.0,
      -341.0,
      153.0,
      0.0
    ]
  ],
  "pointsMatrix": [
    [
      0.0,
      297.0,
      222.0,
      25.0,
      272.0,
      158.0,
      12.0,
      48.0,
      99.0
    ],
    [
      3.0,
      0.0,
      102.0,
      1.0,
      34.0,
      2.0,
      1.0,
      1.0,
      1.0
    ],
    [
      69.0,
      183.0,
      0.0,
      12.0,
      171.0,
      11.0,
      175.0,
      82.0,
      64.0
    ],
    [
      271.0,
      298.0,
      285.0,
      0.0,
      230.0,
      34.0,
      150.0,
      185.0,
      12.0
    ],
    [
      23.0,
      262.0,
      120.0,
      62.0,
      0.0,
      22.0,
      84.0,
      64.0,
      1.0
    ],
    [
      128.0,
      296.0,
      284.0,
      256.0,
      274.0,
      0.0,
      300.0,
      239.0,
      225.0
    ],
    [
      285.0,
      298.0,
      109.0,
      141.0,
      201.0,
      0.0,
      0.0,
      5.0,
      207.0
    ],
    [
      246.0,
      298.0,
      202.0,
      107.0,
      229.0,
      50.0,
      293.0,
      0.0,
      99.0
    ],
    [
      195.0,
      298.0,
      226.0,
      285.0,
      298.0,
      66.0,
      87.0,
      189.0,
      0.0
    ]
  ],
  "rankings": [
    {
      "draws": 55,
      "goalDiff": 3522.0,
      "losses": 96,
      "points": 2002.0,
      "rank": 1,
      "team": "mirage-sc",
      "wins": 649,
      "zSum": 112.75200000000001
    },
    {
      "draws": 48,
      "goalDiff": 2242.0,
      "losses": 220,
      "points": 1644.0,
      "rank": 2,
      "team": "tempest-united",
      "wins": 532,
      "zSum": 64.38700000000001
    },
    {
      "draws": 63,
      "goalDiff": 2151.0,
      "losses": 250,
      "points": 1524.0,
      "rank": 3,
      "team": "phoenix-rovers",
      "wins": 487,
      "zSum": 49.69500000000001
    },
    {
      "draws": 46,
      "goalDiff": 1254.0,
      "losses": 281,
      "points": 1465.0,
      "rank": 4,
      "team": "glacier-fc",
      "wins": 473,
      "zSum": 32.674
    },
    {
      "draws": 52,
      "goalDiff": 697.0,
      "losses": 350,
      "points": 1246.0,
      "rank": 5,
      "team": "nebula-rangers",
      "wins": 398,
      "zSum": -9.099999999999998
    },
    {
      "draws": 47,
      "goalDiff": -605.0,
      "losses": 391,
      "points": 1133.0,
      "rank": 6,
      "team": "aurora-fc",
      "wins": 362,
      "zSum": 7.940999999999994
    },
    {
      "draws": 83,
      "goalDiff": -1293.0,
      "losses": 489,
      "points": 767.0,
      "rank": 7,
      "team": "forge-fc",
      "wins": 228,
      "zSum": -44.217
    },
    {
      "draws": 53,
      "goalDiff": -2264.0,
      "losses": 552,
      "points": 638.0,
      "rank": 8,
      "team": "granite-athletic",
      "wins": 195,
      "zSum": -62.60600000000001
    },
    {
      "draws": 25,
      "goalDiff": -5704.0,
      "losses": 735,
      "points": 145.0,
      "rank": 9,
      "team": "eclipse-town",
      "wins": 40,
      "zSum": -151.52599999999998
    }
  ],
  "teams": [
    "aurora-fc",
    "eclipse-town",
    "forge-fc",
    "glacier-fc",
    "granite-athletic",
    "mirage-sc",
    "nebula-rangers",
    "phoenix-rovers",
    "tempest-united"
  ],
  "type": "v6-round-robin",
  "zScoreMatrix": [
    [
      0.0,
      27.7,
      7.262,
      -13.662,
      13.141,
      1.507,
      -15.488,
      -8.837,
      -3.682
    ],
    [
      -27.7,
      0.0,
      -3.921,
      -18.754,
      -10.548,
      -23.161,
      -23.552,
      -22.146,
      -21.744
    ],
    [
      -7.262,
      3.921,
      0.0,
      -15.81,
      2.97,
      -17.729,
      2.916,
      -5.509,
      -7.714
    ],
    [
      13.662,
      18.754,
      15.81,
      0.0,
      7.36,
      -10.618,
      0.022,
      3.849,
      -16.165
    ],
    [
      -13.141,
      10.548,
      -2.97,
      -7.36,
      0.0,
      -12.127,
      -5.553,
      -7.727,
      -24.276
    ],
    [
      -1.507,
      23.161,
      17.729,
      10.618,
      12.127,
      0.0,
      33.913,
      8.775,
      7.936
    ],
    [
      15.488,
      23.552,
      -2.916,
      -0.022,
      5.553,
      -33.913,
      0.0,
      -22.321,
      5.479
    ],
    [
      8.837,
      22.146,
      5.509,
      -3.849,
      7.727,
      -8.775,
      22.321,
      0.0,
      -4.221
    ],
    [
      3.682,
      21.744,
      7.714,
      16.165,
      24.276,
      -7.936,
      -5.479,
      4.221,
      0.0
    ]
  ]
}
