{
  "createdAt": "2026-05-07T06:01:11Z",
  "gamesPerMatch": 500,
  "goalDiffMatrix": [
    [
      0.0,
      590.0,
      300.0,
      -529.0,
      507.0,
      195.0,
      234.0,
      -417.0,
      -156.0
    ],
    [
      -590.0,
      0.0,
      110.0,
      -490.0,
      -42.0,
      -413.0,
      1510.0,
      -790.0,
      -565.0
    ],
    [
      -300.0,
      -110.0,
      0.0,
      -462.0,
      137.0,
      -341.0,
      275.0,
      -228.0,
      -392.0
    ],
    [
      529.0,
      490.0,
      462.0,
      0.0,
      326.0,
      1.0,
      382.0,
      201.0,
      -726.0
    ],
    [
      -507.0,
      42.0,
      -137.0,
      -326.0,
      0.0,
      -286.0,
      96.0,
      -212.0,
      -816.0
    ],
    [
      -195.0,
      413.0,
      341.0,
      -1.0,
      286.0,
      0.0,
      116.0,
      250.0,
      9.0
    ],
    [
      -234.0,
      -1510.0,
      -275.0,
      -382.0,
      -96.0,
      -116.0,
      0.0,
      -1043.0,
      -2183.0
    ],
    [
      417.0,
      790.0,
      228.0,
      -201.0,
      212.0,
      -250.0,
      1043.0,
      0.0,
      -293.0
    ],
    [
      156.0,
      565.0,
      392.0,
      726.0,
      816.0,
      -9.0,
      2183.0,
      293.0,
      0.0
    ]
  ],
  "pointsMatrix": [
    [
      0.0,
      278.0,
      263.0,
      38.0,
      279.0,
      226.0,
      230.0,
      42.0,
      98.0
    ],
    [
      17.0,
      0.0,
      197.0,
      7.0,
      107.0,
      10.0,
      300.0,
      4.0,
      19.0
    ],
    [
      29.0,
      89.0,
      0.0,
      15.0,
      185.0,
      24.0,
      247.0,
      41.0,
      20.0
    ],
    [
      257.0,
      289.0,
      282.0,
      0.0,
      252.0,
      146.0,
      246.0,
      217.0,
      7.0
    ],
    [
      18.0,
      179.0,
      104.0,
      42.0,
      0.0,
      55.0,
      206.0,
      62.0,
      2.0
    ],
    [
      61.0,
      286.0,
      270.0,
      134.0,
      238.0,
      0.0,
      206.0,
      239.0,
      184.0
    ],
    [
      65.0,
      0.0,
      40.0,
      45.0,
      77.0,
      68.0,
      0.0,
      0.0,
      0.0
    ],
    [
      249.0,
      295.0,
      251.0,
      76.0,
      224.0,
      50.0,
      300.0,
      0.0,
      51.0
    ],
    [
      191.0,
      277.0,
      275.0,
      292.0,
      296.0,
      178.0,
      300.0,
      243.0,
      0.0
    ]
  ],
  "rankings": [
    {
      "draws": 42,
      "goalDiff": 5122.0,
      "losses": 113,
      "points": 2052.0,
      "rank": 1,
      "team": "tempest-united",
      "wins": 670,
      "zSum": 134.696
    },
    {
      "draws": 55,
      "goalDiff": 1665.0,
      "losses": 198,
      "points": 1696.0,
      "rank": 2,
      "team": "glacier-fc",
      "wins": 547,
      "zSum": 54.016000000000005
    },
    {
      "draws": 100,
      "goalDiff": 1219.0,
      "losses": 219,
      "points": 1618.0,
      "rank": 3,
      "team": "mirage-sc",
      "wins": 506,
      "zSum": 49.037000000000006
    },
    {
      "draws": 56,
      "goalDiff": 1946.0,
      "losses": 264,
      "points": 1496.0,
      "rank": 4,
      "team": "phoenix-rovers",
      "wins": 480,
      "zSum": 53.20400000000001
    },
    {
      "draws": 59,
      "goalDiff": 724.0,
      "losses": 276,
      "points": 1454.0,
      "rank": 5,
      "team": "aurora-fc",
      "wins": 465,
      "zSum": 28.630000000000003
    },
    {
      "draws": 74,
      "goalDiff": -2146.0,
      "losses": 528,
      "points": 668.0,
      "rank": 6,
      "team": "granite-athletic",
      "wins": 198,
      "zSum": -67.378
    },
    {
      "draws": 46,
      "goalDiff": -1270.0,
      "losses": 549,
      "points": 661.0,
      "rank": 7,
      "team": "eclipse-town",
      "wins": 205,
      "zSum": -57.702
    },
    {
      "draws": 68,
      "goalDiff": -1421.0,
      "losses": 538,
      "points": 650.0,
      "rank": 8,
      "team": "forge-fc",
      "wins": 194,
      "zSum": -58.148
    },
    {
      "draws": 70,
      "goalDiff": -5839.0,
      "losses": 655,
      "points": 295.0,
      "rank": 9,
      "team": "nebula-rangers",
      "wins": 75,
      "zSum": -136.355
    }
  ],
  "teams": [
    "aurora-fc",
    "eclipse-town",
    "forge-fc",
    "glacier-fc",
    "granite-athletic",
    "mirage-sc",
    "nebula-rangers",
    "phoenix-rovers",
    "tempest-united"
  ],
  "type": "v6-round-robin",
  "zScoreMatrix": [
    [
      0.0,
      14.849,
      12.525,
      -12.255,
      16.176,
      7.034,
      4.975,
      -10.635,
      -4.039
    ],
    [
      -14.849,
      0.0,
      5.001,
      -16.872,
      -1.59,
      -17.794,
      28.02,
      -22.422,
      -17.196
    ],
    [
      -12.525,
      -5.001,
      0.0,
      -15.061,
      4.666,
      -13.126,
      10.206,
      -10.575,
      -16.732
    ],
    [
      12.255,
      16.872,
      15.061,
      0.0,
      9.864,
      0.049,
      9.871,
      6.663,
      -16.619
    ],
    [
      -16.176,
      1.59,
      -4.666,
      -9.864,
      0.0,
      -9.062,
      4.484,
      -7.741,
      -25.943
    ],
    [
      -7.034,
      17.794,
      13.126,
      -0.049,
      9.062,
      0.0,
      6.34,
      9.588,
      0.21
    ],
    [
      -4.975,
      -28.02,
      -10.206,
      -9.871,
      -4.484,
      -6.34,
      0.0,
      -26.791,
      -45.668
    ],
    [
      10.635,
      22.422,
      10.575,
      -6.663,
      7.741,
      -9.588,
      26.791,
      0.0,
      -8.709
    ],
    [
      4.039,
      17.196,
      16.732,
      16.619,
      25.943,
      -0.21,
      45.668,
      8.709,
      0.0
    ]
  ]
}
