{
  "createdAt": "2026-05-07T05:55:30Z",
  "gamesPerMatch": 500,
  "goalDiffMatrix": [
    [
      0.0,
      624.0,
      303.0,
      -441.0,
      607.0,
      127.0,
      868.0,
      -336.0,
      -209.0
    ],
    [
      -624.0,
      0.0,
      77.0,
      -474.0,
      -99.0,
      -417.0,
      705.0,
      -755.0,
      -549.0
    ],
    [
      -303.0,
      -77.0,
      0.0,
      -381.0,
      127.0,
      -372.0,
      -260.0,
      -209.0,
      -371.0
    ],
    [
      441.0,
      474.0,
      381.0,
      0.0,
      310.0,
      -49.0,
      311.0,
      172.0,
      -625.0
    ],
    [
      -607.0,
      99.0,
      -127.0,
      -310.0,
      0.0,
      -328.0,
      -285.0,
      -248.0,
      -852.0
    ],
    [
      -127.0,
      417.0,
      372.0,
      49.0,
      328.0,
      0.0,
      135.0,
      311.0,
      146.0
    ],
    [
      -868.0,
      -705.0,
      260.0,
      -311.0,
      285.0,
      -135.0,
      0.0,
      -844.0,
      -1405.0
    ],
    [
      336.0,
      755.0,
      209.0,
      -172.0,
      248.0,
      -311.0,
      844.0,
      0.0,
      -273.0
    ],
    [
      209.0,
      549.0,
      371.0,
      625.0,
      852.0,
      -146.0,
      1405.0,
      273.0,
      0.0
    ]
  ],
  "pointsMatrix": [
    [
      0.0,
      285.0,
      268.0,
      33.0,
      292.0,
      191.0,
      291.0,
      47.0,
      84.0
    ],
    [
      15.0,
      0.0,
      189.0,
      10.0,
      85.0,
      16.0,
      260.0,
      3.0,
      15.0
    ],
    [
      25.0,
      96.0,
      0.0,
      18.0,
      188.0,
      28.0,
      47.0,
      39.0,
      17.0
    ],
    [
      258.0,
      286.0,
      279.0,
      0.0,
      251.0,
      106.0,
      790.0,
      215.0,
      22.0
    ],
    [
      7.0,
      202.0,
      95.0,
      38.0,
      0.0,
      29.0,
      682.0,
      57.0,
      5.0
    ],
    [
      95.0,
      280.0,
      268.0,
      175.0,
      266.0,
      0.0,
      202.0,
      251.0,
      776.0
    ],
    [
      6.0,
      38.0,
      242.0,
      670.0,
      769.0,
      85.0,
      0.0,
      4.0,
      0.0
    ],
    [
      245.0,
      297.0,
      249.0,
      77.0,
      228.0,
      41.0,
      295.0,
      0.0,
      63.0
    ],
    [
      210.0,
      279.0,
      272.0,
      271.0,
      293.0,
      665.0,
      300.0,
      231.0,
      0.0
    ]
  ],
  "rankings": [
    {
      "draws": 97,
      "goalDiff": 4138.0,
      "losses": 295,
      "points": 2521.0,
      "rank": 1,
      "team": "tempest-united",
      "wins": 808,
      "zSum": 103.899
    },
    {
      "draws": 126,
      "goalDiff": 1631.0,
      "losses": 345,
      "points": 2313.0,
      "rank": 2,
      "team": "mirage-sc",
      "wins": 729,
      "zSum": 58.044
    },
    {
      "draws": 101,
      "goalDiff": 1415.0,
      "losses": 397,
      "points": 2207.0,
      "rank": 3,
      "team": "glacier-fc",
      "wins": 702,
      "zSum": 42.471000000000004
    },
    {
      "draws": 119,
      "goalDiff": -3723.0,
      "losses": 916,
      "points": 1814.0,
      "rank": 4,
      "team": "nebula-rangers",
      "wins": 565,
      "zSum": -80.575
    },
    {
      "draws": 58,
      "goalDiff": 1636.0,
      "losses": 263,
      "points": 1495.0,
      "rank": 5,
      "team": "phoenix-rovers",
      "wins": 479,
      "zSum": 55.62099999999999
    },
    {
      "draws": 48,
      "goalDiff": 1543.0,
      "losses": 271,
      "points": 1491.0,
      "rank": 6,
      "team": "aurora-fc",
      "wins": 481,
      "zSum": 43.437999999999995
    },
    {
      "draws": 113,
      "goalDiff": -2658.0,
      "losses": 753,
      "points": 1115.0,
      "rank": 7,
      "team": "granite-athletic",
      "wins": 334,
      "zSum": -74.27799999999999
    },
    {
      "draws": 44,
      "goalDiff": -2136.0,
      "losses": 573,
      "points": 593.0,
      "rank": 8,
      "team": "eclipse-town",
      "wins": 183,
      "zSum": -73.39500000000001
    },
    {
      "draws": 80,
      "goalDiff": -1846.0,
      "losses": 594,
      "points": 458.0,
      "rank": 9,
      "team": "forge-fc",
      "wins": 126,
      "zSum": -75.225
    }
  ],
  "teams": [
    "aurora-fc",
    "eclipse-town",
    "forge-fc",
    "glacier-fc",
    "granite-athletic",
    "mirage-sc",
    "nebula-rangers",
    "phoenix-rovers",
    "tempest-united"
  ],
  "type": "v6-round-robin",
  "zScoreMatrix": [
    [
      0.0,
      15.955,
      12.845,
      -10.109,
      16.865,
      4.079,
      18.498,
      -9.29,
      -5.405
    ],
    [
      -15.955,
      0.0,
      3.963,
      -15.997,
      -3.679,
      -15.817,
      12.589,
      -23.331,
      -15.168
    ],
    [
      -12.845,
      -3.963,
      0.0,
      -14.48,
      4.609,
      -14.629,
      -8.393,
      -10.097,
      -15.427
    ],
    [
      10.109,
      15.997,
      14.48,
      0.0,
      9.971,
      -2.518,
      2.811,
      4.907,
      -13.286
    ],
    [
      -16.865,
      3.679,
      -4.609,
      -9.971,
      0.0,
      -11.537,
      -3.51,
      -8.176,
      -23.289
    ],
    [
      -4.079,
      15.817,
      14.629,
      2.518,
      11.537,
      0.0,
      5.249,
      10.578,
      1.795
    ],
    [
      -18.498,
      -12.589,
      8.393,
      -2.811,
      3.51,
      -5.249,
      0.0,
      -28.202,
      -25.129
    ],
    [
      9.29,
      23.331,
      10.097,
      -4.907,
      8.176,
      -10.578,
      28.202,
      0.0,
      -7.99
    ],
    [
      5.405,
      15.168,
      15.427,
      13.286,
      23.289,
      -1.795,
      25.129,
      7.99,
      0.0
    ]
  ]
}
