{
  "createdAt": "2026-05-06T18:41:08Z",
  "gamesPerMatch": 10000,
  "goalDiffMatrix": [
    [
      0.0,
      696.0,
      353.0,
      -458.0,
      565.0,
      118.0,
      465.0,
      -364.0,
      -195.0
    ],
    [
      -696.0,
      0.0,
      85.0,
      -442.0,
      -94.0,
      -431.0,
      302.0,
      -718.0,
      -566.0
    ],
    [
      -353.0,
      -85.0,
      0.0,
      -433.0,
      124.0,
      -359.0,
      -212.0,
      -239.0,
      -383.0
    ],
    [
      458.0,
      442.0,
      433.0,
      0.0,
      357.0,
      -124.0,
      -571.0,
      214.0,
      -691.0
    ],
    [
      -565.0,
      94.0,
      -124.0,
      -357.0,
      0.0,
      -306.0,
      66.0,
      -250.0,
      -836.0
    ],
    [
      -118.0,
      431.0,
      359.0,
      124.0,
      306.0,
      0.0,
      -49.0,
      280.0,
      31.0
    ],
    [
      -465.0,
      -302.0,
      212.0,
      571.0,
      -66.0,
      49.0,
      0.0,
      -658.0,
      -935.0
    ],
    [
      364.0,
      718.0,
      239.0,
      -214.0,
      250.0,
      -280.0,
      658.0,
      0.0,
      -326.0
    ],
    [
      195.0,
      566.0,
      383.0,
      691.0,
      836.0,
      -31.0,
      935.0,
      326.0,
      0.0
    ]
  ],
  "pointsMatrix": [
    [
      0.0,
      283.0,
      269.0,
      45.0,
      287.0,
      187.0,
      264.0,
      36.0,
      107.0
    ],
    [
      13.0,
      0.0,
      200.0,
      16.0,
      98.0,
      21.0,
      385.0,
      2.0,
      7.0
    ],
    [
      23.0,
      89.0,
      0.0,
      18.0,
      187.0,
      22.0,
      67.0,
      29.0,
      9.0
    ],
    [
      249.0,
      280.0,
      276.0,
      0.0,
      258.0,
      353.0,
      32.0,
      202.0,
      20.0
    ],
    [
      11.0,
      188.0,
      100.0,
      36.0,
      0.0,
      54.0,
      226.0,
      55.0,
      1.0
    ],
    [
      100.0,
      276.0,
      271.0,
      488.0,
      234.0,
      0.0,
      106.0,
      237.0,
      480.0
    ],
    [
      30.0,
      277.0,
      220.0,
      266.0,
      139.0,
      172.0,
      0.0,
      3.0,
      13.0
    ],
    [
      258.0,
      296.0,
      257.0,
      88.0,
      232.0,
      48.0,
      294.0,
      0.0,
      38.0
    ],
    [
      185.0,
      289.0,
      288.0,
      278.0,
      298.0,
      471.0,
      283.0,
      251.0,
      0.0
    ]
  ],
  "rankings": [
    {
      "draws": 57,
      "goalDiff": 3901.0,
      "losses": 206,
      "points": 2343.0,
      "rank": 1,
      "team": "tempest-united",
      "wins": 762,
      "zSum": 106.917
    },
    {
      "draws": 155,
      "goalDiff": 1364.0,
      "losses": 391,
      "points": 2192.0,
      "rank": 2,
      "team": "mirage-sc",
      "wins": 679,
      "zSum": 44.946000000000005
    },
    {
      "draws": 95,
      "goalDiff": 518.0,
      "losses": 380,
      "points": 1670.0,
      "rank": 3,
      "team": "glacier-fc",
      "wins": 525,
      "zSum": 28.47
    },
    {
      "draws": 74,
      "goalDiff": 1409.0,
      "losses": 247,
      "points": 1511.0,
      "rank": 4,
      "team": "phoenix-rovers",
      "wins": 479,
      "zSum": 50.184
    },
    {
      "draws": 53,
      "goalDiff": 1180.0,
      "losses": 272,
      "points": 1478.0,
      "rank": 5,
      "team": "aurora-fc",
      "wins": 475,
      "zSum": 37.680000000000014
    },
    {
      "draws": 73,
      "goalDiff": -1594.0,
      "losses": 528,
      "points": 1120.0,
      "rank": 6,
      "team": "nebula-rangers",
      "wins": 349,
      "zSum": -34.092
    },
    {
      "draws": 55,
      "goalDiff": -2560.0,
      "losses": 641,
      "points": 742.0,
      "rank": 7,
      "team": "eclipse-town",
      "wins": 229,
      "zSum": -83.733
    },
    {
      "draws": 71,
      "goalDiff": -2278.0,
      "losses": 554,
      "points": 671.0,
      "rank": 8,
      "team": "granite-athletic",
      "wins": 200,
      "zSum": -73.43900000000001
    },
    {
      "draws": 75,
      "goalDiff": -1940.0,
      "losses": 602,
      "points": 444.0,
      "rank": 9,
      "team": "forge-fc",
      "wins": 123,
      "zSum": -76.93299999999999
    }
  ],
  "teams": [
    "aurora-fc",
    "eclipse-town",
    "forge-fc",
    "glacier-fc",
    "granite-athletic",
    "mirage-sc",
    "nebula-rangers",
    "phoenix-rovers",
    "tempest-united"
  ],
  "type": "v6-round-robin",
  "zScoreMatrix": [
    [
      0.0,
      15.797,
      14.281,
      -10.571,
      18.486,
      3.632,
      11.795,
      -11.587,
      -4.153
    ],
    [
      -15.797,
      0.0,
      3.882,
      -16.119,
      -3.136,
      -15.879,
      4.189,
      -22.209,
      -18.664
    ],
    [
      -14.281,
      -3.882,
      0.0,
      -15.505,
      4.676,
      -12.723,
      -7.826,
      -12.235,
      -15.157
    ],
    [
      10.571,
      16.119,
      15.505,
      0.0,
      11.695,
      -3.289,
      -12.008,
      5.242,
      -15.365
    ],
    [
      -18.486,
      3.136,
      -4.676,
      -11.695,
      0.0,
      -9.718,
      1.602,
      -7.747,
      -25.855
    ],
    [
      -3.632,
      15.879,
      12.723,
      3.289,
      9.718,
      0.0,
      -2.478,
      8.982,
      0.465
    ],
    [
      -11.795,
      -4.189,
      7.826,
      12.008,
      -1.602,
      2.478,
      0.0,
      -20.996,
      -17.822
    ],
    [
      11.587,
      22.209,
      12.235,
      -5.242,
      7.747,
      -8.982,
      20.996,
      0.0,
      -10.366
    ],
    [
      4.153,
      18.664,
      15.157,
      15.365,
      25.855,
      -0.465,
      17.822,
      10.366,
      0.0
    ]
  ]
}
