{
  "createdAt": "2026-05-05T04:40:41Z",
  "gamesPerMatch": 1000,
  "goalDiffMatrix": [
    [
      0.0,
      1669.0,
      934.0,
      -287.0,
      404.0,
      -668.0,
      943.0,
      -372.0,
      227.0
    ],
    [
      -1669.0,
      0.0,
      261.0,
      -753.0,
      -669.0,
      -1490.0,
      -0.0,
      -1280.0,
      -638.0
    ],
    [
      -934.0,
      -261.0,
      0.0,
      -520.0,
      -435.0,
      -1434.0,
      920.0,
      -279.0,
      -579.0
    ],
    [
      287.0,
      753.0,
      520.0,
      0.0,
      408.0,
      -855.0,
      -227.0,
      421.0,
      511.0
    ],
    [
      -404.0,
      669.0,
      435.0,
      -408.0,
      0.0,
      -614.0,
      -2.0,
      -104.0,
      149.0
    ],
    [
      668.0,
      1490.0,
      1434.0,
      855.0,
      614.0,
      0.0,
      1303.0,
      1453.0,
      1123.0
    ],
    [
      -943.0,
      0.0,
      -920.0,
      227.0,
      2.0,
      -1303.0,
      0.0,
      -550.0,
      -189.0
    ],
    [
      372.0,
      1280.0,
      279.0,
      -421.0,
      104.0,
      -1453.0,
      550.0,
      0.0,
      -25.0
    ],
    [
      -227.0,
      638.0,
      579.0,
      -511.0,
      -149.0,
      -1123.0,
      189.0,
      25.0,
      0.0
    ]
  ],
  "rankings": [
    {
      "goalDiff": 8940.0,
      "rank": 1,
      "team": "mirage-sc",
      "zSum": 212.74799999999996
    },
    {
      "goalDiff": 2850.0,
      "rank": 2,
      "team": "aurora-fc",
      "zSum": 88.44099999999999
    },
    {
      "goalDiff": 1818.0,
      "rank": 3,
      "team": "glacier-fc",
      "zSum": 44.672
    },
    {
      "goalDiff": 686.0,
      "rank": 4,
      "team": "phoenix-rovers",
      "zSum": 2.6420000000000052
    },
    {
      "goalDiff": -279.0,
      "rank": 5,
      "team": "granite-athletic",
      "zSum": 9.362999999999998
    },
    {
      "goalDiff": -579.0,
      "rank": 6,
      "team": "tempest-united",
      "zSum": -19.258000000000003
    },
    {
      "goalDiff": -3522.0,
      "rank": 7,
      "team": "forge-fc",
      "zSum": -124.25800000000001
    },
    {
      "goalDiff": -3676.0,
      "rank": 8,
      "team": "nebula-rangers",
      "zSum": -70.661
    },
    {
      "goalDiff": -6238.0,
      "rank": 9,
      "team": "eclipse-town",
      "zSum": -143.68900000000002
    }
  ],
  "teams": [
    "aurora-fc",
    "eclipse-town",
    "forge-fc",
    "glacier-fc",
    "granite-athletic",
    "mirage-sc",
    "nebula-rangers",
    "phoenix-rovers",
    "tempest-united"
  ],
  "type": "v6-round-robin",
  "zScoreMatrix": [
    [
      0.0,
      49.948,
      28.457,
      -6.57,
      10.99,
      -14.12,
      21.137,
      -7.245,
      5.844
    ],
    [
      -49.948,
      0.0,
      9.946,
      -15.985,
      -19.253,
      -39.865,
      -0.0,
      -19.07,
      -9.514
    ],
    [
      -28.457,
      -9.946,
      0.0,
      -14.948,
      -15.631,
      -40.775,
      6.589,
      -9.452,
      -11.638
    ],
    [
      6.57,
      15.985,
      14.948,
      0.0,
      8.101,
      -18.695,
      -2.71,
      10.146,
      10.327
    ],
    [
      -10.99,
      19.253,
      15.631,
      -8.101,
      0.0,
      -7.135,
      -0.052,
      -2.798,
      3.555
    ],
    [
      14.12,
      39.865,
      40.775,
      18.695,
      7.135,
      0.0,
      31.793,
      35.034,
      25.331
    ],
    [
      -21.137,
      0.0,
      -6.589,
      2.71,
      0.052,
      -31.793,
      0.0,
      -9.583,
      -4.321
    ],
    [
      7.245,
      19.07,
      9.452,
      -10.146,
      2.798,
      -35.034,
      9.583,
      0.0,
      -0.326
    ],
    [
      -5.844,
      9.514,
      11.638,
      -10.327,
      -3.555,
      -25.331,
      4.321,
      0.326,
      0.0
    ]
  ]
}
