{
  "createdAt": "2026-05-07T06:14:54Z",
  "gamesPerMatch": 500,
  "goalDiffMatrix": [
    [
      0.0,
      627.0,
      343.0,
      -470.0,
      575.0,
      186.0,
      335.0,
      -430.0,
      -258.0
    ],
    [
      -627.0,
      0.0,
      85.0,
      -497.0,
      -165.0,
      -451.0,
      -369.0,
      -790.0,
      -561.0
    ],
    [
      -343.0,
      -85.0,
      0.0,
      -445.0,
      130.0,
      -310.0,
      -134.0,
      -203.0,
      -390.0
    ],
    [
      470.0,
      497.0,
      445.0,
      0.0,
      330.0,
      -83.0,
      552.0,
      188.0,
      -629.0
    ],
    [
      -575.0,
      165.0,
      -130.0,
      -330.0,
      0.0,
      -296.0,
      144.0,
      -244.0,
      -864.0
    ],
    [
      -186.0,
      451.0,
      310.0,
      83.0,
      296.0,
      0.0,
      583.0,
      253.0,
      18.0
    ],
    [
      -335.0,
      369.0,
      134.0,
      -552.0,
      -144.0,
      -583.0,
      0.0,
      -930.0,
      -721.0
    ],
    [
      430.0,
      790.0,
      203.0,
      -188.0,
      244.0,
      -253.0,
      930.0,
      0.0,
      -248.0
    ],
    [
      258.0,
      561.0,
      390.0,
      629.0,
      864.0,
      -18.0,
      721.0,
      248.0,
      0.0
    ]
  ],
  "pointsMatrix": [
    [
      0.0,
      270.0,
      270.0,
      39.0,
      288.0,
      211.0,
      249.0,
      35.0,
      84.0
    ],
    [
      27.0,
      0.0,
      191.0,
      7.0,
      232.0,
      8.0,
      41.0,
      0.0,
      24.0
    ],
    [
      24.0,
      92.0,
      0.0,
      13.0,
      197.0,
      31.0,
      76.0,
      40.0,
      13.0
    ],
    [
      255.0,
      289.0,
      280.0,
      0.0,
      258.0,
      139.0,
      271.0,
      218.0,
      19.0
    ],
    [
      9.0,
      346.0,
      83.0,
      33.0,
      0.0,
      38.0,
      378.0,
      39.0,
      0.0
    ],
    [
      76.0,
      287.0,
      262.0,
      214.0,
      254.0,
      0.0,
      295.0,
      242.0,
      180.0
    ],
    [
      42.0,
      254.0,
      208.0,
      25.0,
      264.0,
      4.0,
      0.0,
      0.0,
      16.0
    ],
    [
      260.0,
      300.0,
      244.0,
      74.0,
      252.0,
      50.0,
      300.0,
      0.0,
      60.0
    ],
    [
      213.0,
      270.0,
      283.0,
      280.0,
      300.0,
      177.0,
      283.0,
      234.0,
      0.0
    ]
  ],
  "rankings": [
    {
      "draws": 39,
      "goalDiff": 3653.0,
      "losses": 119,
      "points": 2040.0,
      "rank": 1,
      "team": "tempest-united",
      "wins": 667,
      "zSum": 97.56
    },
    {
      "draws": 82,
      "goalDiff": 1808.0,
      "losses": 192,
      "points": 1810.0,
      "rank": 2,
      "team": "mirage-sc",
      "wins": 576,
      "zSum": 69.691
    },
    {
      "draws": 61,
      "goalDiff": 1770.0,
      "losses": 208,
      "points": 1729.0,
      "rank": 3,
      "team": "glacier-fc",
      "wins": 556,
      "zSum": 54.423
    },
    {
      "draws": 52,
      "goalDiff": 1908.0,
      "losses": 252,
      "points": 1540.0,
      "rank": 4,
      "team": "phoenix-rovers",
      "wins": 496,
      "zSum": 67.519
    },
    {
      "draws": 48,
      "goalDiff": 908.0,
      "losses": 286,
      "points": 1446.0,
      "rank": 5,
      "team": "aurora-fc",
      "wins": 466,
      "zSum": 34.894
    },
    {
      "draws": 104,
      "goalDiff": -2130.0,
      "losses": 647,
      "points": 926.0,
      "rank": 6,
      "team": "granite-athletic",
      "wins": 274,
      "zSum": -72.314
    },
    {
      "draws": 69,
      "goalDiff": -2762.0,
      "losses": 608,
      "points": 813.0,
      "rank": 7,
      "team": "nebula-rangers",
      "wins": 248,
      "zSum": -81.17000000000002
    },
    {
      "draws": 62,
      "goalDiff": -3375.0,
      "losses": 682,
      "points": 530.0,
      "rank": 8,
      "team": "eclipse-town",
      "wins": 156,
      "zSum": -99.155
    },
    {
      "draws": 93,
      "goalDiff": -1780.0,
      "losses": 576,
      "points": 486.0,
      "rank": 9,
      "team": "forge-fc",
      "wins": 131,
      "zSum": -71.448
    }
  ],
  "teams": [
    "aurora-fc",
    "eclipse-town",
    "forge-fc",
    "glacier-fc",
    "granite-athletic",
    "mirage-sc",
    "nebula-rangers",
    "phoenix-rovers",
    "tempest-united"
  ],
  "type": "v6-round-robin",
  "zScoreMatrix": [
    [
      0.0,
      13.687,
      13.549,
      -11.68,
      18.103,
      5.876,
      10.676,
      -9.839,
      -5.478
    ],
    [
      -13.687,
      0.0,
      3.915,
      -14.823,
      -4.108,
      -19.014,
      -9.432,
      -27.466,
      -14.54
    ],
    [
      -13.549,
      -3.915,
      0.0,
      -16.312,
      5.023,
      -12.603,
      -5.89,
      -9.288,
      -14.914
    ],
    [
      11.68,
      14.823,
      16.312,
      0.0,
      11.764,
      -3.184,
      11.977,
      5.491,
      -14.44
    ],
    [
      -18.103,
      4.108,
      -5.023,
      -11.764,
      0.0,
      -9.732,
      3.522,
      -9.577,
      -25.745
    ],
    [
      -5.876,
      19.014,
      12.603,
      3.184,
      9.732,
      0.0,
      21.409,
      9.199,
      0.426
    ],
    [
      -10.676,
      9.432,
      5.89,
      -11.977,
      -3.522,
      -21.409,
      0.0,
      -32.901,
      -16.007
    ],
    [
      9.839,
      27.466,
      9.288,
      -5.491,
      9.577,
      -9.199,
      32.901,
      0.0,
      -6.862
    ],
    [
      5.478,
      14.54,
      14.914,
      14.44,
      25.745,
      -0.426,
      16.007,
      6.862,
      0.0
    ]
  ]
}
