{
  "createdAt": "2026-05-07T06:03:41Z",
  "gamesPerMatch": 500,
  "goalDiffMatrix": [
    [
      0.0,
      543.0,
      360.0,
      -414.0,
      497.0,
      143.0,
      613.0,
      -372.0,
      -258.0
    ],
    [
      -543.0,
      0.0,
      112.0,
      -457.0,
      -137.0,
      -457.0,
      393.0,
      -722.0,
      -564.0
    ],
    [
      -360.0,
      -112.0,
      0.0,
      -443.0,
      162.0,
      -358.0,
      -267.0,
      -206.0,
      -379.0
    ],
    [
      414.0,
      457.0,
      443.0,
      0.0,
      370.0,
      -130.0,
      -316.0,
      170.0,
      -627.0
    ],
    [
      -497.0,
      137.0,
      -162.0,
      -370.0,
      0.0,
      -225.0,
      -179.0,
      -224.0,
      -819.0
    ],
    [
      -143.0,
      457.0,
      358.0,
      130.0,
      225.0,
      0.0,
      91.0,
      281.0,
      19.0
    ],
    [
      -613.0,
      -393.0,
      267.0,
      316.0,
      179.0,
      -91.0,
      0.0,
      -662.0,
      -1411.0
    ],
    [
      372.0,
      722.0,
      206.0,
      -170.0,
      224.0,
      -281.0,
      662.0,
      0.0,
      -286.0
    ],
    [
      258.0,
      564.0,
      379.0,
      627.0,
      819.0,
      -19.0,
      1411.0,
      286.0,
      0.0
    ]
  ],
  "pointsMatrix": [
    [
      0.0,
      273.0,
      271.0,
      58.0,
      278.0,
      192.0,
      278.0,
      52.0,
      73.0
    ],
    [
      24.0,
      0.0,
      208.0,
      13.0,
      75.0,
      9.0,
      237.0,
      9.0,
      24.0
    ],
    [
      25.0,
      76.0,
      0.0,
      10.0,
      201.0,
      16.0,
      48.0,
      43.0,
      10.0
    ],
    [
      238.0,
      280.0,
      286.0,
      0.0,
      252.0,
      553.0,
      124.0,
      191.0,
      16.0
    ],
    [
      20.0,
      213.0,
      84.0,
      42.0,
      0.0,
      74.0,
      93.0,
      55.0,
      0.0
    ],
    [
      93.0,
      288.0,
      280.0,
      721.0,
      212.0,
      0.0,
      190.0,
      254.0,
      146.0
    ],
    [
      20.0,
      54.0,
      246.0,
      241.0,
      198.0,
      97.0,
      0.0,
      8.0,
      0.0
    ],
    [
      244.0,
      291.0,
      244.0,
      101.0,
      235.0,
      41.0,
      290.0,
      0.0,
      45.0
    ],
    [
      220.0,
      273.0,
      283.0,
      280.0,
      300.0,
      143.0,
      300.0,
      246.0,
      0.0
    ]
  ],
  "rankings": [
    {
      "draws": 141,
      "goalDiff": 1418.0,
      "losses": 328,
      "points": 2184.0,
      "rank": 1,
      "team": "mirage-sc",
      "wins": 681,
      "zSum": 52.282000000000004
    },
    {
      "draws": 41,
      "goalDiff": 4325.0,
      "losses": 91,
      "points": 2045.0,
      "rank": 2,
      "team": "tempest-united",
      "wins": 668,
      "zSum": 111.10199999999998
    },
    {
      "draws": 119,
      "goalDiff": 781.0,
      "losses": 449,
      "points": 1940.0,
      "rank": 3,
      "team": "glacier-fc",
      "wins": 607,
      "zSum": 32.574000000000005
    },
    {
      "draws": 51,
      "goalDiff": 1449.0,
      "losses": 269,
      "points": 1491.0,
      "rank": 4,
      "team": "phoenix-rovers",
      "wins": 480,
      "zSum": 42.459
    },
    {
      "draws": 41,
      "goalDiff": 1112.0,
      "losses": 281,
      "points": 1475.0,
      "rank": 5,
      "team": "aurora-fc",
      "wins": 478,
      "zSum": 38.65800000000001
    },
    {
      "draws": 51,
      "goalDiff": -2408.0,
      "losses": 503,
      "points": 864.0,
      "rank": 6,
      "team": "nebula-rangers",
      "wins": 271,
      "zSum": -55.256
    },
    {
      "draws": 53,
      "goalDiff": -2375.0,
      "losses": 565,
      "points": 599.0,
      "rank": 7,
      "team": "eclipse-town",
      "wins": 182,
      "zSum": -73.602
    },
    {
      "draws": 68,
      "goalDiff": -2339.0,
      "losses": 561,
      "points": 581.0,
      "rank": 8,
      "team": "granite-athletic",
      "wins": 171,
      "zSum": -68.19800000000001
    },
    {
      "draws": 69,
      "goalDiff": -1963.0,
      "losses": 611,
      "points": 429.0,
      "rank": 9,
      "team": "forge-fc",
      "wins": 120,
      "zSum": -80.01899999999999
    }
  ],
  "teams": [
    "aurora-fc",
    "eclipse-town",
    "forge-fc",
    "glacier-fc",
    "granite-athletic",
    "mirage-sc",
    "nebula-rangers",
    "phoenix-rovers",
    "tempest-united"
  ],
  "type": "v6-round-robin",
  "zScoreMatrix": [
    [
      0.0,
      13.187,
      13.922,
      -9.29,
      15.662,
      4.145,
      16.364,
      -9.179,
      -6.153
    ],
    [
      -13.187,
      0.0,
      5.653,
      -15.22,
      -5.993,
      -17.828,
      8.424,
      -20.78,
      -14.671
    ],
    [
      -13.922,
      -5.653,
      0.0,
      -15.859,
      5.31,
      -15.102,
      -8.777,
      -9.645,
      -16.371
    ],
    [
      9.29,
      15.22,
      15.859,
      0.0,
      10.685,
      -2.579,
      -5.495,
      4.5,
      -14.906
    ],
    [
      -15.662,
      5.993,
      -5.31,
      -10.685,
      0.0,
      -7.035,
      -4.316,
      -8.471,
      -22.712
    ],
    [
      -4.145,
      17.828,
      15.102,
      2.579,
      7.035,
      0.0,
      3.383,
      9.889,
      0.611
    ],
    [
      -16.364,
      -8.424,
      8.777,
      5.495,
      4.316,
      -3.383,
      0.0,
      -18.064,
      -27.609
    ],
    [
      9.179,
      20.78,
      9.645,
      -4.5,
      8.471,
      -9.889,
      18.064,
      0.0,
      -9.291
    ],
    [
      6.153,
      14.671,
      16.371,
      14.906,
      22.712,
      -0.611,
      27.609,
      9.291,
      0.0
    ]
  ]
}
