{
  "createdAt": "2026-05-07T06:09:56Z",
  "gamesPerMatch": 500,
  "goalDiffMatrix": [
    [
      0.0,
      655.0,
      270.0,
      -526.0,
      587.0,
      39.0,
      375.0,
      -319.0,
      -276.0
    ],
    [
      -655.0,
      0.0,
      130.0,
      -496.0,
      -102.0,
      -421.0,
      403.0,
      -801.0,
      -567.0
    ],
    [
      -270.0,
      -130.0,
      0.0,
      -456.0,
      151.0,
      -354.0,
      -195.0,
      -225.0,
      -364.0
    ],
    [
      526.0,
      496.0,
      456.0,
      0.0,
      332.0,
      -68.0,
      548.0,
      167.0,
      -740.0
    ],
    [
      -587.0,
      102.0,
      -151.0,
      -332.0,
      0.0,
      -283.0,
      102.0,
      -260.0,
      -802.0
    ],
    [
      -39.0,
      421.0,
      354.0,
      68.0,
      283.0,
      0.0,
      596.0,
      296.0,
      153.0
    ],
    [
      -375.0,
      -403.0,
      195.0,
      -548.0,
      -102.0,
      -596.0,
      0.0,
      -1010.0,
      -149.0
    ],
    [
      319.0,
      801.0,
      225.0,
      -167.0,
      260.0,
      -296.0,
      1010.0,
      0.0,
      -267.0
    ],
    [
      276.0,
      567.0,
      364.0,
      740.0,
      802.0,
      -153.0,
      149.0,
      267.0,
      0.0
    ]
  ],
  "pointsMatrix": [
    [
      0.0,
      278.0,
      242.0,
      33.0,
      293.0,
      149.0,
      259.0,
      65.0,
      78.0
    ],
    [
      20.0,
      0.0,
      217.0,
      10.0,
      137.0,
      14.0,
      264.0,
      0.0,
      20.0
    ],
    [
      47.0,
      67.0,
      0.0,
      9.0,
      205.0,
      26.0,
      75.0,
      49.0,
      20.0
    ],
    [
      264.0,
      286.0,
      288.0,
      0.0,
      253.0,
      234.0,
      252.0,
      196.0,
      6.0
    ],
    [
      5.0,
      224.0,
      82.0,
      40.0,
      0.0,
      48.0,
      594.0,
      44.0,
      5.0
    ],
    [
      140.0,
      281.0,
      272.0,
      330.0,
      246.0,
      0.0,
      294.0,
      244.0,
      534.0
    ],
    [
      31.0,
      30.0,
      216.0,
      45.0,
      462.0,
      6.0,
      0.0,
      3.0,
      225.0
    ],
    [
      233.0,
      300.0,
      238.0,
      97.0,
      248.0,
      49.0,
      297.0,
      0.0,
      52.0
    ],
    [
      216.0,
      275.0,
      275.0,
      294.0,
      293.0,
      405.0,
      351.0,
      244.0,
      0.0
    ]
  ],
  "rankings": [
    {
      "draws": 82,
      "goalDiff": 3012.0,
      "losses": 286,
      "points": 2353.0,
      "rank": 1,
      "team": "tempest-united",
      "wins": 757,
      "zSum": 89.38900000000001
    },
    {
      "draws": 103,
      "goalDiff": 2132.0,
      "losses": 276,
      "points": 2341.0,
      "rank": 2,
      "team": "mirage-sc",
      "wins": 746,
      "zSum": 75.604
    },
    {
      "draws": 63,
      "goalDiff": 1717.0,
      "losses": 265,
      "points": 1779.0,
      "rank": 3,
      "team": "glacier-fc",
      "wins": 572,
      "zSum": 47.456999999999994
    },
    {
      "draws": 41,
      "goalDiff": 1885.0,
      "losses": 268,
      "points": 1514.0,
      "rank": 4,
      "team": "phoenix-rovers",
      "wins": 491,
      "zSum": 59.46800000000001
    },
    {
      "draws": 47,
      "goalDiff": 805.0,
      "losses": 303,
      "points": 1397.0,
      "rank": 5,
      "team": "aurora-fc",
      "wins": 450,
      "zSum": 29.871
    },
    {
      "draws": 121,
      "goalDiff": -2211.0,
      "losses": 672,
      "points": 1042.0,
      "rank": 6,
      "team": "granite-athletic",
      "wins": 307,
      "zSum": -72.962
    },
    {
      "draws": 121,
      "goalDiff": -2988.0,
      "losses": 755,
      "points": 1018.0,
      "rank": 7,
      "team": "nebula-rangers",
      "wins": 299,
      "zSum": -86.812
    },
    {
      "draws": 52,
      "goalDiff": -2509.0,
      "losses": 563,
      "points": 682.0,
      "rank": 8,
      "team": "eclipse-town",
      "wins": 210,
      "zSum": -70.00399999999999
    },
    {
      "draws": 72,
      "goalDiff": -1843.0,
      "losses": 586,
      "points": 498.0,
      "rank": 9,
      "team": "forge-fc",
      "wins": 142,
      "zSum": -72.01100000000001
    }
  ],
  "teams": [
    "aurora-fc",
    "eclipse-town",
    "forge-fc",
    "glacier-fc",
    "granite-athletic",
    "mirage-sc",
    "nebula-rangers",
    "phoenix-rovers",
    "tempest-united"
  ],
  "type": "v6-round-robin",
  "zScoreMatrix": [
    [
      0.0,
      15.232,
      9.166,
      -11.946,
      19.433,
      1.122,
      12.191,
      -8.725,
      -6.602
    ],
    [
      -15.232,
      0.0,
      6.077,
      -15.364,
      -3.359,
      -16.708,
      12.322,
      -23.036,
      -14.704
    ],
    [
      -9.166,
      -6.077,
      0.0,
      -16.116,
      5.295,
      -13.743,
      -7.35,
      -9.829,
      -15.025
    ],
    [
      11.946,
      15.364,
      16.116,
      0.0,
      9.872,
      -2.211,
      11.708,
      4.425,
      -19.763
    ],
    [
      -19.433,
      3.359,
      -5.295,
      -9.872,
      0.0,
      -9.75,
      2.246,
      -9.935,
      -24.282
    ],
    [
      -1.122,
      16.708,
      13.743,
      2.211,
      9.75,
      0.0,
      22.042,
      9.94,
      2.332
    ],
    [
      -12.191,
      -12.322,
      7.35,
      -11.708,
      -2.246,
      -22.042,
      0.0,
      -30.369,
      -3.284
    ],
    [
      8.725,
      23.036,
      9.829,
      -4.425,
      9.935,
      -9.94,
      30.369,
      0.0,
      -8.061
    ],
    [
      6.602,
      14.704,
      15.025,
      19.763,
      24.282,
      -2.332,
      3.284,
      8.061,
      0.0
    ]
  ]
}
