{
  "createdAt": "2026-05-07T06:05:51Z",
  "gamesPerMatch": 2000,
  "goalDiffMatrix": [
    [
      0.0,
      619.0,
      359.0,
      -508.0,
      583.0,
      126.0,
      603.0,
      -346.0,
      -248.0
    ],
    [
      -619.0,
      0.0,
      96.0,
      -462.0,
      -113.0,
      -422.0,
      337.0,
      -806.0,
      -585.0
    ],
    [
      -359.0,
      -96.0,
      0.0,
      -482.0,
      181.0,
      -350.0,
      -250.0,
      -200.0,
      -386.0
    ],
    [
      508.0,
      462.0,
      482.0,
      0.0,
      367.0,
      -62.0,
      -268.0,
      131.0,
      -613.0
    ],
    [
      -583.0,
      113.0,
      -181.0,
      -367.0,
      0.0,
      -252.0,
      -204.0,
      -232.0,
      -864.0
    ],
    [
      -126.0,
      422.0,
      350.0,
      62.0,
      252.0,
      0.0,
      123.0,
      281.0,
      -33.0
    ],
    [
      -603.0,
      -337.0,
      250.0,
      268.0,
      204.0,
      -123.0,
      0.0,
      -731.0,
      -1354.0
    ],
    [
      346.0,
      806.0,
      200.0,
      -131.0,
      232.0,
      -281.0,
      731.0,
      0.0,
      -241.0
    ],
    [
      248.0,
      585.0,
      386.0,
      613.0,
      864.0,
      33.0,
      1354.0,
      241.0,
      0.0
    ]
  ],
  "pointsMatrix": [
    [
      0.0,
      281.0,
      268.0,
      31.0,
      290.0,
      211.0,
      280.0,
      60.0,
      84.0
    ],
    [
      17.0,
      0.0,
      192.0,
      11.0,
      96.0,
      12.0,
      224.0,
      1.0,
      11.0
    ],
    [
      28.0,
      87.0,
      0.0,
      17.0,
      202.0,
      30.0,
      60.0,
      41.0,
      20.0
    ],
    [
      262.0,
      287.0,
      278.0,
      0.0,
      242.0,
      106.0,
      74.0,
      192.0,
      32.0
    ],
    [
      8.0,
      192.0,
      85.0,
      50.0,
      0.0,
      65.0,
      128.0,
      71.0,
      3.0
    ],
    [
      79.0,
      285.0,
      261.0,
      172.0,
      227.0,
      0.0,
      202.0,
      259.0,
      250.0
    ],
    [
      16.0,
      65.0,
      231.0,
      221.0,
      233.0,
      88.0,
      0.0,
      6.0,
      0.0
    ],
    [
      231.0,
      298.0,
      245.0,
      96.0,
      221.0,
      34.0,
      291.0,
      0.0,
      61.0
    ],
    [
      207.0,
      287.0,
      275.0,
      266.0,
      297.0,
      259.0,
      300.0,
      226.0,
      0.0
    ]
  ],
  "rankings": [
    {
      "draws": 47,
      "goalDiff": 4324.0,
      "losses": 138,
      "points": 2117.0,
      "rank": 1,
      "team": "tempest-united",
      "wins": 690,
      "zSum": 111.83800000000001
    },
    {
      "draws": 85,
      "goalDiff": 1331.0,
      "losses": 240,
      "points": 1735.0,
      "rank": 2,
      "team": "mirage-sc",
      "wins": 550,
      "zSum": 52.024
    },
    {
      "draws": 47,
      "goalDiff": 1188.0,
      "losses": 267,
      "points": 1505.0,
      "rank": 3,
      "team": "aurora-fc",
      "wins": 486,
      "zSum": 40.753
    },
    {
      "draws": 67,
      "goalDiff": 1662.0,
      "losses": 263,
      "points": 1477.0,
      "rank": 4,
      "team": "phoenix-rovers",
      "wins": 470,
      "zSum": 48.792
    },
    {
      "draws": 63,
      "goalDiff": 1007.0,
      "losses": 267,
      "points": 1473.0,
      "rank": 5,
      "team": "glacier-fc",
      "wins": 470,
      "zSum": 37.14300000000001
    },
    {
      "draws": 56,
      "goalDiff": -2426.0,
      "losses": 501,
      "points": 860.0,
      "rank": 6,
      "team": "nebula-rangers",
      "wins": 268,
      "zSum": -58.293
    },
    {
      "draws": 65,
      "goalDiff": -2570.0,
      "losses": 581,
      "points": 602.0,
      "rank": 7,
      "team": "granite-athletic",
      "wins": 179,
      "zSum": -76.379
    },
    {
      "draws": 54,
      "goalDiff": -2574.0,
      "losses": 576,
      "points": 564.0,
      "rank": 8,
      "team": "eclipse-town",
      "wins": 170,
      "zSum": -82.461
    },
    {
      "draws": 80,
      "goalDiff": -1942.0,
      "losses": 585,
      "points": 485.0,
      "rank": 9,
      "team": "forge-fc",
      "wins": 135,
      "zSum": -73.417
    }
  ],
  "teams": [
    "aurora-fc",
    "eclipse-town",
    "forge-fc",
    "glacier-fc",
    "granite-athletic",
    "mirage-sc",
    "nebula-rangers",
    "phoenix-rovers",
    "tempest-united"
  ],
  "type": "v6-round-robin",
  "zScoreMatrix": [
    [
      0.0,
      16.222,
      12.888,
      -12.784,
      17.716,
      3.939,
      17.342,
      -9.14,
      -5.43
    ],
    [
      -16.222,
      0.0,
      5.166,
      -17.739,
      -3.835,
      -17.631,
      7.492,
      -22.796,
      -16.896
    ],
    [
      -12.888,
      -5.166,
      0.0,
      -15.839,
      5.608,
      -13.691,
      -8.196,
      -9.423,
      -13.822
    ],
    [
      12.784,
      17.739,
      15.839,
      0.0,
      10.523,
      -2.524,
      -6.565,
      3.515,
      -14.168
    ],
    [
      -17.716,
      3.835,
      -5.608,
      -10.523,
      0.0,
      -8.063,
      -5.072,
      -7.827,
      -25.405
    ],
    [
      -3.939,
      17.631,
      13.691,
      2.524,
      8.063,
      0.0,
      4.587,
      10.146,
      -0.679
    ],
    [
      -17.342,
      -7.492,
      8.196,
      6.565,
      5.072,
      -4.587,
      0.0,
      -20.271,
      -28.434
    ],
    [
      9.14,
      22.796,
      9.423,
      -3.515,
      7.827,
      -10.146,
      20.271,
      0.0,
      -7.004
    ],
    [
      5.43,
      16.896,
      13.822,
      14.168,
      25.405,
      0.679,
      28.434,
      7.004,
      0.0
    ]
  ]
}
