{
  "createdAt": "2026-05-06T01:16:11Z",
  "gamesPerMatch": 20,
  "goalDiffMatrix": [
    [
      0.0,
      132.0,
      81.0,
      11.0,
      40.0,
      17.0,
      166.0,
      -10.0,
      64.0
    ],
    [
      -132.0,
      0.0,
      27.0,
      -58.0,
      10.0,
      -54.0,
      58.0,
      -144.0,
      -6.0
    ],
    [
      -81.0,
      -27.0,
      0.0,
      -64.0,
      21.0,
      -42.0,
      94.0,
      -46.0,
      -0.0
    ],
    [
      -11.0,
      58.0,
      64.0,
      0.0,
      82.0,
      -13.0,
      42.0,
      -24.0,
      45.0
    ],
    [
      -40.0,
      -10.0,
      -21.0,
      -82.0,
      0.0,
      -15.0,
      4.0,
      -27.0,
      -4.0
    ],
    [
      -17.0,
      54.0,
      42.0,
      13.0,
      15.0,
      0.0,
      46.0,
      -16.0,
      41.0
    ],
    [
      -166.0,
      -58.0,
      -94.0,
      -42.0,
      -4.0,
      -46.0,
      0.0,
      -161.0,
      -12.0
    ],
    [
      10.0,
      144.0,
      46.0,
      24.0,
      27.0,
      16.0,
      161.0,
      0.0,
      58.0
    ],
    [
      -64.0,
      6.0,
      0.0,
      -45.0,
      4.0,
      -41.0,
      12.0,
      -58.0,
      0.0
    ]
  ],
  "pointsMatrix": [
    [
      0.0,
      60.0,
      50.0,
      26.0,
      46.0,
      35.0,
      60.0,
      29.0,
      55.0
    ],
    [
      0.0,
      0.0,
      42.0,
      17.0,
      32.0,
      2.0,
      58.0,
      0.0,
      26.0
    ],
    [
      8.0,
      15.0,
      0.0,
      7.0,
      44.0,
      6.0,
      45.0,
      9.0,
      29.0
    ],
    [
      26.0,
      41.0,
      52.0,
      0.0,
      60.0,
      20.0,
      48.0,
      17.0,
      45.0
    ],
    [
      10.0,
      20.0,
      11.0,
      0.0,
      0.0,
      10.0,
      31.0,
      15.0,
      21.0
    ],
    [
      23.0,
      56.0,
      51.0,
      35.0,
      40.0,
      0.0,
      60.0,
      20.0,
      50.0
    ],
    [
      0.0,
      1.0,
      15.0,
      9.0,
      19.0,
      0.0,
      0.0,
      0.0,
      22.0
    ],
    [
      29.0,
      60.0,
      48.0,
      41.0,
      42.0,
      35.0,
      60.0,
      0.0,
      50.0
    ],
    [
      4.0,
      32.0,
      26.0,
      9.0,
      27.0,
      8.0,
      34.0,
      8.0,
      0.0
    ]
  ],
  "rankings": [
    {
      "draws": 17,
      "goalDiff": 486.0,
      "losses": 27,
      "points": 365.0,
      "rank": 1,
      "team": "phoenix-rovers",
      "wins": 116,
      "zSum": 32.620000000000005
    },
    {
      "draws": 19,
      "goalDiff": 501.0,
      "losses": 27,
      "points": 361.0,
      "rank": 2,
      "team": "aurora-fc",
      "wins": 114,
      "zSum": 35.479
    },
    {
      "draws": 29,
      "goalDiff": 178.0,
      "losses": 29,
      "points": 335.0,
      "rank": 3,
      "team": "mirage-sc",
      "wins": 102,
      "zSum": 25.160999999999998
    },
    {
      "draws": 27,
      "goalDiff": 243.0,
      "losses": 39,
      "points": 309.0,
      "rank": 4,
      "team": "glacier-fc",
      "wins": 94,
      "zSum": 22.436000000000003
    },
    {
      "draws": 18,
      "goalDiff": -299.0,
      "losses": 89,
      "points": 177.0,
      "rank": 5,
      "team": "eclipse-town",
      "wins": 53,
      "zSum": -20.211000000000002
    },
    {
      "draws": 22,
      "goalDiff": -145.0,
      "losses": 91,
      "points": 163.0,
      "rank": 6,
      "team": "forge-fc",
      "wins": 47,
      "zSum": -14.905000000000001
    },
    {
      "draws": 34,
      "goalDiff": -186.0,
      "losses": 88,
      "points": 148.0,
      "rank": 7,
      "team": "tempest-united",
      "wins": 38,
      "zSum": -15.858999999999998
    },
    {
      "draws": 52,
      "goalDiff": -195.0,
      "losses": 86,
      "points": 118.0,
      "rank": 8,
      "team": "granite-athletic",
      "wins": 22,
      "zSum": -23.49
    },
    {
      "draws": 18,
      "goalDiff": -583.0,
      "losses": 126,
      "points": 66.0,
      "rank": 9,
      "team": "nebula-rangers",
      "wins": 16,
      "zSum": -41.231
    }
  ],
  "teams": [
    "aurora-fc",
    "eclipse-town",
    "forge-fc",
    "glacier-fc",
    "granite-athletic",
    "mirage-sc",
    "nebula-rangers",
    "phoenix-rovers",
    "tempest-united"
  ],
  "type": "v6-round-robin",
  "zScoreMatrix": [
    [
      0.0,
      8.698,
      5.569,
      1.037,
      3.501,
      1.473,
      10.108,
      -0.482,
      5.575
    ],
    [
      -8.698,
      0.0,
      1.868,
      -3.287,
      1.453,
      -7.285,
      4.5,
      -8.253,
      -0.509
    ],
    [
      -5.569,
      -1.868,
      0.0,
      -5.177,
      2.987,
      -4.641,
      3.323,
      -3.96,
      -0.0
    ],
    [
      -1.037,
      3.287,
      5.177,
      0.0,
      9.853,
      -1.818,
      4.583,
      -1.552,
      3.943
    ],
    [
      -3.501,
      -1.453,
      -2.987,
      -9.853,
      0.0,
      -3.47,
      1.285,
      -2.438,
      -1.073
    ],
    [
      -1.473,
      7.285,
      4.641,
      1.818,
      3.47,
      0.0,
      6.328,
      -1.405,
      4.497
    ],
    [
      -10.108,
      -4.5,
      -3.323,
      -4.583,
      -1.285,
      -6.328,
      0.0,
      -9.714,
      -1.39
    ],
    [
      0.482,
      8.253,
      3.96,
      1.552,
      2.438,
      1.405,
      9.714,
      0.0,
      4.816
    ],
    [
      -5.575,
      0.509,
      0.0,
      -3.943,
      1.073,
      -4.497,
      1.39,
      -4.816,
      0.0
    ]
  ]
}
