{
  "createdAt": "2026-05-07T06:04:01Z",
  "gamesPerMatch": 500,
  "goalDiffMatrix": [
    [
      0.0,
      660.0,
      312.0,
      -463.0,
      481.0,
      140.0,
      634.0,
      -415.0,
      -217.0
    ],
    [
      -660.0,
      0.0,
      127.0,
      -422.0,
      -95.0,
      -427.0,
      295.0,
      -749.0,
      -604.0
    ],
    [
      -312.0,
      -127.0,
      0.0,
      -455.0,
      159.0,
      -409.0,
      -292.0,
      -227.0,
      -378.0
    ],
    [
      463.0,
      422.0,
      455.0,
      0.0,
      364.0,
      -56.0,
      -254.0,
      239.0,
      -689.0
    ],
    [
      -481.0,
      95.0,
      -159.0,
      -364.0,
      0.0,
      -257.0,
      -203.0,
      -237.0,
      -831.0
    ],
    [
      -140.0,
      427.0,
      409.0,
      56.0,
      257.0,
      0.0,
      97.0,
      267.0,
      25.0
    ],
    [
      -634.0,
      -295.0,
      292.0,
      254.0,
      203.0,
      -97.0,
      0.0,
      -683.0,
      -1387.0
    ],
    [
      415.0,
      749.0,
      227.0,
      -239.0,
      237.0,
      -267.0,
      683.0,
      0.0,
      -295.0
    ],
    [
      217.0,
      604.0,
      378.0,
      689.0,
      831.0,
      -25.0,
      1387.0,
      295.0,
      0.0
    ]
  ],
  "pointsMatrix": [
    [
      0.0,
      283.0,
      243.0,
      43.0,
      279.0,
      191.0,
      277.0,
      35.0,
      97.0
    ],
    [
      13.0,
      0.0,
      202.0,
      19.0,
      100.0,
      7.0,
      204.0,
      1.0,
      12.0
    ],
    [
      48.0,
      79.0,
      0.0,
      10.0,
      192.0,
      22.0,
      50.0,
      40.0,
      13.0
    ],
    [
      250.0,
      271.0,
      286.0,
      0.0,
      263.0,
      106.0,
      98.0,
      215.0,
      23.0
    ],
    [
      18.0,
      187.0,
      96.0,
      32.0,
      0.0,
      49.0,
      90.0,
      57.0,
      3.0
    ],
    [
      95.0,
      289.0,
      274.0,
      172.0,
      238.0,
      0.0,
      191.0,
      242.0,
      295.0
    ],
    [
      19.0,
      84.0,
      242.0,
      197.0,
      201.0,
      92.0,
      0.0,
      10.0,
      0.0
    ],
    [
      260.0,
      298.0,
      253.0,
      77.0,
      228.0,
      44.0,
      289.0,
      0.0,
      62.0
    ],
    [
      190.0,
      288.0,
      283.0,
      272.0,
      297.0,
      274.0,
      300.0,
      230.0,
      0.0
    ]
  ],
  "rankings": [
    {
      "draws": 61,
      "goalDiff": 4376.0,
      "losses": 148,
      "points": 2134.0,
      "rank": 1,
      "team": "tempest-united",
      "wins": 691,
      "zSum": 114.37299999999999
    },
    {
      "draws": 119,
      "goalDiff": 1398.0,
      "losses": 222,
      "points": 1796.0,
      "rank": 2,
      "team": "mirage-sc",
      "wins": 559,
      "zSum": 58.563
    },
    {
      "draws": 66,
      "goalDiff": 944.0,
      "losses": 252,
      "points": 1512.0,
      "rank": 3,
      "team": "glacier-fc",
      "wins": 482,
      "zSum": 37.704
    },
    {
      "draws": 59,
      "goalDiff": 1510.0,
      "losses": 257,
      "points": 1511.0,
      "rank": 4,
      "team": "phoenix-rovers",
      "wins": 484,
      "zSum": 43.238
    },
    {
      "draws": 59,
      "goalDiff": 1132.0,
      "losses": 278,
      "points": 1448.0,
      "rank": 5,
      "team": "aurora-fc",
      "wins": 463,
      "zSum": 34.77700000000001
    },
    {
      "draws": 56,
      "goalDiff": -2347.0,
      "losses": 481,
      "points": 845.0,
      "rank": 6,
      "team": "nebula-rangers",
      "wins": 263,
      "zSum": -53.453
    },
    {
      "draws": 63,
      "goalDiff": -2535.0,
      "losses": 572,
      "points": 558.0,
      "rank": 7,
      "team": "eclipse-town",
      "wins": 165,
      "zSum": -78.952
    },
    {
      "draws": 70,
      "goalDiff": -2437.0,
      "losses": 576,
      "points": 532.0,
      "rank": 8,
      "team": "granite-athletic",
      "wins": 154,
      "zSum": -75.95500000000001
    },
    {
      "draws": 67,
      "goalDiff": -2041.0,
      "losses": 604,
      "points": 454.0,
      "rank": 9,
      "team": "forge-fc",
      "wins": 129,
      "zSum": -80.295
    }
  ],
  "teams": [
    "aurora-fc",
    "eclipse-town",
    "forge-fc",
    "glacier-fc",
    "granite-athletic",
    "mirage-sc",
    "nebula-rangers",
    "phoenix-rovers",
    "tempest-united"
  ],
  "type": "v6-round-robin",
  "zScoreMatrix": [
    [
      0.0,
      17.627,
      10.632,
      -10.724,
      14.567,
      4.283,
      14.95,
      -11.799,
      -4.759
    ],
    [
      -17.627,
      0.0,
      6.554,
      -13.378,
      -3.222,
      -18.254,
      6.09,
      -21.172,
      -17.943
    ],
    [
      -10.632,
      -6.554,
      0.0,
      -17.126,
      5.388,
      -17.477,
      -8.715,
      -10.064,
      -15.115
    ],
    [
      10.724,
      13.378,
      17.126,
      0.0,
      11.908,
      -2.636,
      -5.32,
      6.006,
      -13.482
    ],
    [
      -14.567,
      3.222,
      -5.388,
      -11.908,
      0.0,
      -9.675,
      -5.096,
      -8.218,
      -24.325
    ],
    [
      -4.283,
      18.254,
      17.477,
      2.636,
      9.675,
      0.0,
      3.771,
      10.5,
      0.533
    ],
    [
      -14.95,
      -6.09,
      8.715,
      5.32,
      5.096,
      -3.771,
      0.0,
      -17.581,
      -30.192
    ],
    [
      11.799,
      21.172,
      10.064,
      -6.006,
      8.218,
      -10.5,
      17.581,
      0.0,
      -9.09
    ],
    [
      4.759,
      17.943,
      15.115,
      13.482,
      24.325,
      -0.533,
      30.192,
      9.09,
      0.0
    ]
  ]
}
