{
  "createdAt": "2026-05-07T06:13:34Z",
  "gamesPerMatch": 500,
  "goalDiffMatrix": [
    [
      0.0,
      640.0,
      324.0,
      -501.0,
      617.0,
      122.0,
      436.0,
      -413.0,
      -142.0
    ],
    [
      -640.0,
      0.0,
      92.0,
      -465.0,
      -86.0,
      -425.0,
      28.0,
      -736.0,
      -569.0
    ],
    [
      -324.0,
      -92.0,
      0.0,
      -464.0,
      126.0,
      -326.0,
      -114.0,
      -224.0,
      -394.0
    ],
    [
      501.0,
      465.0,
      464.0,
      0.0,
      414.0,
      -74.0,
      50.0,
      197.0,
      -621.0
    ],
    [
      -617.0,
      86.0,
      -126.0,
      -414.0,
      0.0,
      -272.0,
      134.0,
      -233.0,
      -870.0
    ],
    [
      -122.0,
      425.0,
      326.0,
      74.0,
      272.0,
      0.0,
      79.0,
      256.0,
      4.0
    ],
    [
      -436.0,
      -28.0,
      114.0,
      -50.0,
      -134.0,
      -79.0,
      0.0,
      -746.0,
      -962.0
    ],
    [
      413.0,
      736.0,
      224.0,
      -197.0,
      233.0,
      -256.0,
      746.0,
      0.0,
      -310.0
    ],
    [
      142.0,
      569.0,
      394.0,
      621.0,
      870.0,
      -4.0,
      962.0,
      310.0,
      0.0
    ]
  ],
  "pointsMatrix": [
    [
      0.0,
      280.0,
      264.0,
      28.0,
      291.0,
      222.0,
      262.0,
      26.0,
      110.0
    ],
    [
      19.0,
      0.0,
      193.0,
      22.0,
      103.0,
      12.0,
      353.0,
      9.0,
      20.0
    ],
    [
      30.0,
      94.0,
      0.0,
      7.0,
      193.0,
      21.0,
      88.0,
      40.0,
      6.0
    ],
    [
      268.0,
      274.0,
      292.0,
      0.0,
      263.0,
      103.0,
      150.0,
      199.0,
      22.0
    ],
    [
      9.0,
      181.0,
      91.0,
      29.0,
      0.0,
      43.0,
      208.0,
      59.0,
      1.0
    ],
    [
      141.0,
      285.0,
      270.0,
      178.0,
      247.0,
      0.0,
      742.0,
      241.0,
      152.0
    ],
    [
      34.0,
      383.0,
      190.0,
      138.0,
      82.0,
      631.0,
      0.0,
      5.0,
      1.0
    ],
    [
      263.0,
      291.0,
      250.0,
      91.0,
      230.0,
      52.0,
      293.0,
      0.0,
      38.0
    ],
    [
      179.0,
      278.0,
      288.0,
      274.0,
      298.0,
      140.0,
      298.0,
      257.0,
      0.0
    ]
  ],
  "rankings": [
    {
      "draws": 195,
      "goalDiff": 1314.0,
      "losses": 343,
      "points": 2256.0,
      "rank": 1,
      "team": "mirage-sc",
      "wins": 687,
      "zSum": 51.695
    },
    {
      "draws": 38,
      "goalDiff": 3864.0,
      "losses": 104,
      "points": 2012.0,
      "rank": 2,
      "team": "tempest-united",
      "wins": 658,
      "zSum": 107.393
    },
    {
      "draws": 62,
      "goalDiff": 1396.0,
      "losses": 235,
      "points": 1571.0,
      "rank": 3,
      "team": "glacier-fc",
      "wins": 503,
      "zSum": 45.11699999999999
    },
    {
      "draws": 56,
      "goalDiff": 1589.0,
      "losses": 260,
      "points": 1508.0,
      "rank": 4,
      "team": "phoenix-rovers",
      "wins": 484,
      "zSum": 49.178000000000004
    },
    {
      "draws": 49,
      "goalDiff": 1083.0,
      "losses": 298,
      "points": 1483.0,
      "rank": 5,
      "team": "aurora-fc",
      "wins": 478,
      "zSum": 31.980999999999995
    },
    {
      "draws": 192,
      "goalDiff": -2321.0,
      "losses": 734,
      "points": 1464.0,
      "rank": 6,
      "team": "nebula-rangers",
      "wins": 424,
      "zSum": -59.519
    },
    {
      "draws": 53,
      "goalDiff": -2801.0,
      "losses": 671,
      "points": 731.0,
      "rank": 7,
      "team": "eclipse-town",
      "wins": 226,
      "zSum": -80.84
    },
    {
      "draws": 72,
      "goalDiff": -2312.0,
      "losses": 545,
      "points": 621.0,
      "rank": 8,
      "team": "granite-athletic",
      "wins": 183,
      "zSum": -70.235
    },
    {
      "draws": 83,
      "goalDiff": -1812.0,
      "losses": 585,
      "points": 479.0,
      "rank": 9,
      "team": "forge-fc",
      "wins": 132,
      "zSum": -74.77000000000001
    }
  ],
  "teams": [
    "aurora-fc",
    "eclipse-town",
    "forge-fc",
    "glacier-fc",
    "granite-athletic",
    "mirage-sc",
    "nebula-rangers",
    "phoenix-rovers",
    "tempest-united"
  ],
  "type": "v6-round-robin",
  "zScoreMatrix": [
    [
      0.0,
      15.205,
      12.415,
      -14.083,
      19.65,
      3.003,
      11.257,
      -12.174,
      -3.292
    ],
    [
      -15.205,
      0.0,
      4.763,
      -14.425,
      -3.048,
      -18.425,
      0.392,
      -20.788,
      -14.104
    ],
    [
      -12.415,
      -4.763,
      0.0,
      -16.477,
      4.755,
      -12.73,
      -5.277,
      -10.924,
      -16.939
    ],
    [
      14.083,
      14.425,
      16.477,
      0.0,
      12.375,
      -2.825,
      1.208,
      4.77,
      -15.396
    ],
    [
      -19.65,
      3.048,
      -4.755,
      -12.375,
      0.0,
      -9.393,
      5.506,
      -8.354,
      -24.262
    ],
    [
      -3.003,
      18.425,
      12.73,
      2.825,
      9.393,
      0.0,
      2.327,
      8.892,
      0.106
    ],
    [
      -11.257,
      -0.392,
      5.277,
      -1.208,
      -5.506,
      -2.327,
      0.0,
      -21.313,
      -22.793
    ],
    [
      12.174,
      20.788,
      10.924,
      -4.77,
      8.354,
      -8.892,
      21.313,
      0.0,
      -10.713
    ],
    [
      3.292,
      14.104,
      16.939,
      15.396,
      24.262,
      -0.106,
      22.793,
      10.713,
      0.0
    ]
  ]
}
