{
  "createdAt": "2026-05-04T15:35:25Z",
  "gamesPerMatch": 1000,
  "goalDiffMatrix": [
    [
      0.0,
      -90.0,
      -38.0,
      2771.0,
      -21.0,
      80.0
    ],
    [
      90.0,
      0.0,
      2083.0,
      2207.0,
      546.0,
      362.0
    ],
    [
      38.0,
      -2083.0,
      0.0,
      2568.0,
      563.0,
      -64.0
    ],
    [
      -2771.0,
      -2207.0,
      -2568.0,
      0.0,
      -2097.0,
      -951.0
    ],
    [
      21.0,
      -546.0,
      -563.0,
      2097.0,
      0.0,
      1014.0
    ],
    [
      -80.0,
      -362.0,
      64.0,
      951.0,
      -1014.0,
      0.0
    ]
  ],
  "rankings": [
    {
      "goalDiff": 5288.0,
      "rank": 1,
      "team": "forge-fc",
      "zSum": 85.346
    },
    {
      "goalDiff": 2702.0,
      "rank": 2,
      "team": "aurora-fc",
      "zSum": 2.9299999999999997
    },
    {
      "goalDiff": 2023.0,
      "rank": 3,
      "team": "phoenix-rovers",
      "zSum": 8.588999999999997
    },
    {
      "goalDiff": 1022.0,
      "rank": 4,
      "team": "granite-athletic",
      "zSum": 21.909
    },
    {
      "goalDiff": -441.0,
      "rank": 5,
      "team": "tempest-united",
      "zSum": -31.353999999999996
    },
    {
      "goalDiff": -10594.0,
      "rank": 6,
      "team": "mirage-sc",
      "zSum": -87.41999999999999
    }
  ],
  "teams": [
    "aurora-fc",
    "forge-fc",
    "granite-athletic",
    "mirage-sc",
    "phoenix-rovers",
    "tempest-united"
  ],
  "type": "v6-round-robin",
  "zScoreMatrix": [
    [
      0.0,
      -9.188,
      -5.371,
      15.586,
      -2.561,
      4.464
    ],
    [
      9.188,
      0.0,
      20.408,
      24.405,
      14.204,
      17.141
    ],
    [
      5.371,
      -20.408,
      0.0,
      20.271,
      19.199,
      -2.524
    ],
    [
      -15.586,
      -24.405,
      -20.271,
      0.0,
      -15.987,
      -11.171
    ],
    [
      2.561,
      -14.204,
      -19.199,
      15.987,
      0.0,
      23.444
    ],
    [
      -4.464,
      -17.141,
      2.524,
      11.171,
      -23.444,
      0.0
    ]
  ]
}
