{
  "createdAt": "2026-05-07T06:11:32Z",
  "gamesPerMatch": 500,
  "goalDiffMatrix": [
    [
      0.0,
      571.0,
      312.0,
      -439.0,
      571.0,
      136.0,
      250.0,
      -349.0,
      -235.0
    ],
    [
      -571.0,
      0.0,
      84.0,
      -463.0,
      -120.0,
      -444.0,
      461.0,
      -734.0,
      -568.0
    ],
    [
      -312.0,
      -84.0,
      0.0,
      -432.0,
      159.0,
      -336.0,
      -144.0,
      -236.0,
      -362.0
    ],
    [
      439.0,
      463.0,
      432.0,
      0.0,
      325.0,
      -86.0,
      267.0,
      157.0,
      -687.0
    ],
    [
      -571.0,
      120.0,
      -159.0,
      -325.0,
      0.0,
      -307.0,
      68.0,
      -243.0,
      -803.0
    ],
    [
      -136.0,
      444.0,
      336.0,
      86.0,
      307.0,
      0.0,
      -12.0,
      288.0,
      16.0
    ],
    [
      -250.0,
      -461.0,
      144.0,
      -267.0,
      -68.0,
      12.0,
      0.0,
      -928.0,
      -907.0
    ],
    [
      349.0,
      734.0,
      236.0,
      -157.0,
      243.0,
      -288.0,
      928.0,
      0.0,
      -266.0
    ],
    [
      235.0,
      568.0,
      362.0,
      687.0,
      803.0,
      -16.0,
      907.0,
      266.0,
      0.0
    ]
  ],
  "pointsMatrix": [
    [
      0.0,
      273.0,
      261.0,
      43.0,
      280.0,
      182.0,
      233.0,
      40.0,
      78.0
    ],
    [
      24.0,
      0.0,
      190.0,
      13.0,
      93.0,
      11.0,
      266.0,
      1.0,
      16.0
    ],
    [
      30.0,
      97.0,
      0.0,
      16.0,
      197.0,
      32.0,
      63.0,
      28.0,
      17.0
    ],
    [
      253.0,
      283.0,
      283.0,
      0.0,
      251.0,
      199.0,
      226.0,
      197.0,
      11.0
    ],
    [
      16.0,
      192.0,
      92.0,
      41.0,
      0.0,
      35.0,
      186.0,
      50.0,
      3.0
    ],
    [
      104.0,
      287.0,
      260.0,
      298.0,
      254.0,
      0.0,
      246.0,
      250.0,
      184.0
    ],
    [
      56.0,
      32.0,
      222.0,
      139.0,
      105.0,
      228.0,
      0.0,
      0.0,
      7.0
    ],
    [
      256.0,
      298.0,
      265.0,
      92.0,
      239.0,
      46.0,
      300.0,
      0.0,
      62.0
    ],
    [
      216.0,
      283.0,
      278.0,
      287.0,
      297.0,
      178.0,
      292.0,
      233.0,
      0.0
    ]
  ],
  "rankings": [
    {
      "draws": 33,
      "goalDiff": 3812.0,
      "losses": 115,
      "points": 2064.0,
      "rank": 1,
      "team": "tempest-united",
      "wins": 677,
      "zSum": 107.45600000000002
    },
    {
      "draws": 131,
      "goalDiff": 1329.0,
      "losses": 260,
      "points": 1883.0,
      "rank": 2,
      "team": "mirage-sc",
      "wins": 584,
      "zSum": 47.025999999999996
    },
    {
      "draws": 68,
      "goalDiff": 1310.0,
      "losses": 287,
      "points": 1703.0,
      "rank": 3,
      "team": "glacier-fc",
      "wins": 545,
      "zSum": 40.11099999999999
    },
    {
      "draws": 43,
      "goalDiff": 1779.0,
      "losses": 252,
      "points": 1558.0,
      "rank": 4,
      "team": "phoenix-rovers",
      "wins": 505,
      "zSum": 64.544
    },
    {
      "draws": 55,
      "goalDiff": 817.0,
      "losses": 300,
      "points": 1390.0,
      "rank": 5,
      "team": "aurora-fc",
      "wins": 445,
      "zSum": 24.966000000000005
    },
    {
      "draws": 99,
      "goalDiff": -2725.0,
      "losses": 571,
      "points": 789.0,
      "rank": 6,
      "team": "nebula-rangers",
      "wins": 230,
      "zSum": -70.179
    },
    {
      "draws": 69,
      "goalDiff": -2220.0,
      "losses": 549,
      "points": 615.0,
      "rank": 7,
      "team": "granite-athletic",
      "wins": 182,
      "zSum": -65.744
    },
    {
      "draws": 41,
      "goalDiff": -2355.0,
      "losses": 568,
      "points": 614.0,
      "rank": 8,
      "team": "eclipse-town",
      "wins": 191,
      "zSum": -75.514
    },
    {
      "draws": 69,
      "goalDiff": -1747.0,
      "losses": 594,
      "points": 480.0,
      "rank": 9,
      "team": "forge-fc",
      "wins": 137,
      "zSum": -72.666
    }
  ],
  "teams": [
    "aurora-fc",
    "eclipse-town",
    "forge-fc",
    "glacier-fc",
    "granite-athletic",
    "mirage-sc",
    "nebula-rangers",
    "phoenix-rovers",
    "tempest-united"
  ],
  "type": "v6-round-robin",
  "zScoreMatrix": [
    [
      0.0,
      13.2,
      11.346,
      -10.442,
      14.201,
      3.999,
      7.383,
      -9.834,
      -4.887
    ],
    [
      -13.2,
      0.0,
      3.725,
      -17.273,
      -4.683,
      -16.299,
      11.497,
      -23.396,
      -15.885
    ],
    [
      -11.346,
      -3.725,
      0.0,
      -13.789,
      5.432,
      -12.248,
      -7.928,
      -11.998,
      -17.064
    ],
    [
      10.442,
      17.273,
      13.789,
      0.0,
      10.565,
      -2.667,
      4.439,
      4.006,
      -17.736
    ],
    [
      -14.201,
      4.683,
      -5.432,
      -10.565,
      0.0,
      -10.353,
      2.162,
      -9.228,
      -22.81
    ],
    [
      -3.999,
      16.299,
      12.248,
      2.667,
      10.353,
      0.0,
      -0.48,
      9.528,
      0.41
    ],
    [
      -7.383,
      -11.497,
      7.928,
      -4.439,
      -2.162,
      0.48,
      0.0,
      -31.932,
      -21.174
    ],
    [
      9.834,
      23.396,
      11.998,
      -4.006,
      9.228,
      -9.528,
      31.932,
      0.0,
      -8.31
    ],
    [
      4.887,
      15.885,
      17.064,
      17.736,
      22.81,
      -0.41,
      21.174,
      8.31,
      0.0
    ]
  ]
}
