{
  "createdAt": "2026-05-04T15:39:52Z",
  "gamesPerMatch": 1000,
  "goalDiffMatrix": [
    [
      0.0,
      -91.0,
      -48.0,
      2789.0,
      -21.0,
      56.0
    ],
    [
      91.0,
      0.0,
      2031.0,
      2211.0,
      601.0,
      389.0
    ],
    [
      48.0,
      -2031.0,
      0.0,
      2611.0,
      491.0,
      -80.0
    ],
    [
      -2789.0,
      -2211.0,
      -2611.0,
      0.0,
      -2138.0,
      -1062.0
    ],
    [
      21.0,
      -601.0,
      -491.0,
      2138.0,
      0.0,
      1046.0
    ],
    [
      -56.0,
      -389.0,
      80.0,
      1062.0,
      -1046.0,
      0.0
    ]
  ],
  "rankings": [
    {
      "goalDiff": 5323.0,
      "rank": 1,
      "team": "forge-fc",
      "zSum": 85.896
    },
    {
      "goalDiff": 2685.0,
      "rank": 2,
      "team": "aurora-fc",
      "zSum": -0.11300000000000088
    },
    {
      "goalDiff": 2113.0,
      "rank": 3,
      "team": "phoenix-rovers",
      "zSum": 13.830000000000002
    },
    {
      "goalDiff": 1039.0,
      "rank": 4,
      "team": "granite-athletic",
      "zSum": 18.893
    },
    {
      "goalDiff": -349.0,
      "rank": 5,
      "team": "tempest-united",
      "zSum": -31.606
    },
    {
      "goalDiff": -10811.0,
      "rank": 6,
      "team": "mirage-sc",
      "zSum": -86.89999999999999
    }
  ],
  "teams": [
    "aurora-fc",
    "forge-fc",
    "granite-athletic",
    "mirage-sc",
    "phoenix-rovers",
    "tempest-united"
  ],
  "type": "v6-round-robin",
  "zScoreMatrix": [
    [
      0.0,
      -8.626,
      -6.328,
      14.651,
      -2.561,
      2.751
    ],
    [
      8.626,
      0.0,
      19.394,
      23.862,
      18.022,
      15.992
    ],
    [
      6.328,
      -19.394,
      0.0,
      20.084,
      14.418,
      -2.543
    ],
    [
      -14.651,
      -23.862,
      -20.084,
      0.0,
      -16.156,
      -12.147
    ],
    [
      2.561,
      -18.022,
      -14.418,
      16.156,
      0.0,
      27.553
    ],
    [
      -2.751,
      -15.992,
      2.543,
      12.147,
      -27.553,
      0.0
    ]
  ]
}
