{
  "createdAt": "2026-05-06T02:22:40Z",
  "gamesPerMatch": 10000,
  "goalDiffMatrix": [
    [
      0.0,
      1209.0,
      687.0,
      -405.0,
      582.0,
      291.0,
      475.0,
      -412.0,
      335.0
    ],
    [
      -1209.0,
      0.0,
      -43.0,
      -483.0,
      -452.0,
      -106.0,
      -1012.0,
      -321.0,
      48.0
    ],
    [
      -687.0,
      43.0,
      0.0,
      -476.0,
      -222.0,
      -263.0,
      -475.0,
      -325.0,
      -60.0
    ],
    [
      405.0,
      483.0,
      476.0,
      0.0,
      360.0,
      267.0,
      -609.0,
      154.0,
      457.0
    ],
    [
      -582.0,
      452.0,
      222.0,
      -360.0,
      0.0,
      -114.0,
      209.0,
      -255.0,
      -78.0
    ],
    [
      -291.0,
      106.0,
      263.0,
      -267.0,
      114.0,
      0.0,
      -191.0,
      -102.0,
      81.0
    ],
    [
      -475.0,
      1012.0,
      475.0,
      609.0,
      -209.0,
      191.0,
      0.0,
      -626.0,
      745.0
    ],
    [
      412.0,
      321.0,
      325.0,
      -154.0,
      255.0,
      102.0,
      626.0,
      0.0,
      193.0
    ],
    [
      -335.0,
      -48.0,
      60.0,
      -457.0,
      78.0,
      -81.0,
      -745.0,
      -193.0,
      0.0
    ]
  ],
  "pointsMatrix": [
    [
      0.0,
      300.0,
      300.0,
      43.0,
      280.0,
      267.0,
      276.0,
      49.0,
      251.0
    ],
    [
      0.0,
      0.0,
      130.0,
      13.0,
      6.0,
      120.0,
      0.0,
      28.0,
      181.0
    ],
    [
      0.0,
      193.0,
      0.0,
      1.0,
      16.0,
      23.0,
      5.0,
      11.0,
      163.0
    ],
    [
      250.0,
      283.0,
      298.0,
      0.0,
      259.0,
      241.0,
      19.0,
      189.0,
      276.0
    ],
    [
      19.0,
      291.0,
      274.0,
      37.0,
      0.0,
      69.0,
      1562.0,
      47.0,
      87.0
    ],
    [
      24.0,
      231.0,
      263.0,
      49.0,
      219.0,
      0.0,
      459.0,
      296.0,
      198.0
    ],
    [
      21.0,
      300.0,
      293.0,
      277.0,
      1337.0,
      597.0,
      0.0,
      13.0,
      294.0
    ],
    [
      250.0,
      262.0,
      284.0,
      102.0,
      248.0,
      404.0,
      286.0,
      0.0,
      215.0
    ],
    [
      41.0,
      97.0,
      259.0,
      18.0,
      195.0,
      75.0,
      3.0,
      71.0,
      0.0
    ]
  ],
  "rankings": [
    {
      "draws": 183,
      "goalDiff": 1722.0,
      "losses": 809,
      "points": 3132.0,
      "rank": 1,
      "team": "nebula-rangers",
      "wins": 983,
      "zSum": 47.040000000000006
    },
    {
      "draws": 154,
      "goalDiff": -506.0,
      "losses": 802,
      "points": 2386.0,
      "rank": 2,
      "team": "granite-athletic",
      "wins": 744,
      "zSum": -17.365999999999996
    },
    {
      "draws": 95,
      "goalDiff": 2080.0,
      "losses": 203,
      "points": 2051.0,
      "rank": 3,
      "team": "phoenix-rovers",
      "wins": 652,
      "zSum": 73.89399999999999
    },
    {
      "draws": 45,
      "goalDiff": 1993.0,
      "losses": 165,
      "points": 1815.0,
      "rank": 4,
      "team": "glacier-fc",
      "wins": 590,
      "zSum": 70.635
    },
    {
      "draws": 29,
      "goalDiff": 2762.0,
      "losses": 192,
      "points": 1766.0,
      "rank": 5,
      "team": "aurora-fc",
      "wins": 579,
      "zSum": 95.069
    },
    {
      "draws": 215,
      "goalDiff": -287.0,
      "losses": 527,
      "points": 1739.0,
      "rank": 6,
      "team": "mirage-sc",
      "wins": 508,
      "zSum": -0.17600000000000104
    },
    {
      "draws": 126,
      "goalDiff": -1721.0,
      "losses": 513,
      "points": 759.0,
      "rank": 7,
      "team": "tempest-united",
      "wins": 211,
      "zSum": -48.132999999999996
    },
    {
      "draws": 115,
      "goalDiff": -3578.0,
      "losses": 614,
      "points": 478.0,
      "rank": 8,
      "team": "eclipse-town",
      "wins": 121,
      "zSum": -104.185
    },
    {
      "draws": 112,
      "goalDiff": -2465.0,
      "losses": 663,
      "points": 412.0,
      "rank": 9,
      "team": "forge-fc",
      "wins": 100,
      "zSum": -116.778
    }
  ],
  "teams": [
    "aurora-fc",
    "eclipse-town",
    "forge-fc",
    "glacier-fc",
    "granite-athletic",
    "mirage-sc",
    "nebula-rangers",
    "phoenix-rovers",
    "tempest-united"
  ],
  "type": "v6-round-robin",
  "zScoreMatrix": [
    [
      0.0,
      29.072,
      30.776,
      -10.003,
      17.967,
      11.338,
      15.943,
      -10.54,
      10.516
    ],
    [
      -29.072,
      0.0,
      -3.139,
      -14.609,
      -14.967,
      -4.911,
      -28.116,
      -11.965,
      2.594
    ],
    [
      -30.776,
      3.139,
      0.0,
      -20.607,
      -14.343,
      -11.953,
      -22.615,
      -16.932,
      -2.691
    ],
    [
      10.003,
      14.609,
      20.607,
      0.0,
      11.107,
      9.845,
      -13.344,
      3.792,
      14.016
    ],
    [
      -17.967,
      14.967,
      14.343,
      -11.107,
      0.0,
      -6.151,
      1.873,
      -8.966,
      -4.358
    ],
    [
      -11.338,
      4.911,
      11.953,
      -9.845,
      6.151,
      0.0,
      -4.097,
      -3.352,
      5.441
    ],
    [
      -15.943,
      28.116,
      22.615,
      13.344,
      -1.873,
      4.097,
      0.0,
      -18.47,
      15.154
    ],
    [
      10.54,
      11.965,
      16.932,
      -3.792,
      8.966,
      3.352,
      18.47,
      0.0,
      7.461
    ],
    [
      -10.516,
      -2.594,
      2.691,
      -14.016,
      4.358,
      -5.441,
      -15.154,
      -7.461,
      0.0
    ]
  ]
}
