{
  "createdAt": "2026-05-06T01:10:47Z",
  "gamesPerMatch": 10000,
  "goalDiffMatrix": [
    [
      0.0,
      745.0,
      483.0,
      -78.0,
      202.0,
      120.0,
      848.0,
      -12.0,
      405.0
    ],
    [
      -745.0,
      0.0,
      163.0,
      -415.0,
      85.0,
      -200.0,
      339.0,
      -794.0,
      5.0
    ],
    [
      -483.0,
      -163.0,
      0.0,
      -413.0,
      152.0,
      -190.0,
      305.0,
      -203.0,
      -110.0
    ],
    [
      78.0,
      415.0,
      413.0,
      0.0,
      388.0,
      -76.0,
      262.0,
      -35.0,
      249.0
    ],
    [
      -202.0,
      -85.0,
      -152.0,
      -388.0,
      0.0,
      -87.0,
      -1.0,
      -193.0,
      -27.0
    ],
    [
      -120.0,
      200.0,
      190.0,
      76.0,
      87.0,
      0.0,
      266.0,
      -126.0,
      183.0
    ],
    [
      -848.0,
      -339.0,
      -305.0,
      -262.0,
      1.0,
      -266.0,
      0.0,
      -829.0,
      -2.0
    ],
    [
      12.0,
      794.0,
      203.0,
      35.0,
      193.0,
      126.0,
      829.0,
      0.0,
      284.0
    ],
    [
      -405.0,
      -5.0,
      110.0,
      -249.0,
      27.0,
      -183.0,
      2.0,
      -284.0,
      0.0
    ]
  ],
  "pointsMatrix": [
    [
      0.0,
      300.0,
      289.0,
      162.0,
      231.0,
      266.0,
      298.0,
      181.0,
      277.0
    ],
    [
      0.0,
      0.0,
      343.0,
      22.0,
      200.0,
      44.0,
      264.0,
      4.0,
      178.0
    ],
    [
      7.0,
      229.0,
      0.0,
      9.0,
      222.0,
      39.0,
      193.0,
      55.0,
      426.0
    ],
    [
      264.0,
      271.0,
      285.0,
      0.0,
      278.0,
      125.0,
      264.0,
      906.0,
      236.0
    ],
    [
      42.0,
      74.0,
      63.0,
      14.0,
      0.0,
      49.0,
      1597.0,
      51.0,
      98.0
    ],
    [
      164.0,
      245.0,
      246.0,
      227.0,
      208.0,
      0.0,
      268.0,
      82.0,
      243.0
    ],
    [
      1.0,
      30.0,
      97.0,
      24.0,
      1609.0,
      19.0,
      0.0,
      0.0,
      136.0
    ],
    [
      181.0,
      295.0,
      232.0,
      894.0,
      234.0,
      202.0,
      300.0,
      0.0,
      259.0
    ],
    [
      19.0,
      178.0,
      558.0,
      38.0,
      149.0,
      42.0,
      136.0,
      31.0,
      0.0
    ]
  ],
  "rankings": [
    {
      "draws": 181,
      "goalDiff": 1694.0,
      "losses": 403,
      "points": 2629.0,
      "rank": 1,
      "team": "glacier-fc",
      "wins": 816,
      "zSum": 63.676
    },
    {
      "draws": 143,
      "goalDiff": 2476.0,
      "losses": 389,
      "points": 2597.0,
      "rank": 2,
      "team": "phoenix-rovers",
      "wins": 818,
      "zSum": 81.133
    },
    {
      "draws": 93,
      "goalDiff": 2713.0,
      "losses": 195,
      "points": 2004.0,
      "rank": 3,
      "team": "aurora-fc",
      "wins": 637,
      "zSum": 89.69699999999999
    },
    {
      "draws": 806,
      "goalDiff": -1135.0,
      "losses": 775,
      "points": 1988.0,
      "rank": 4,
      "team": "granite-athletic",
      "wins": 394,
      "zSum": -58.284
    },
    {
      "draws": 689,
      "goalDiff": -2850.0,
      "losses": 877,
      "points": 1916.0,
      "rank": 5,
      "team": "nebula-rangers",
      "wins": 409,
      "zSum": -97.57699999999998
    },
    {
      "draws": 156,
      "goalDiff": 756.0,
      "losses": 210,
      "points": 1683.0,
      "rank": 6,
      "team": "mirage-sc",
      "wins": 509,
      "zSum": 46.43
    },
    {
      "draws": 157,
      "goalDiff": -1105.0,
      "losses": 652,
      "points": 1180.0,
      "rank": 7,
      "team": "forge-fc",
      "wins": 341,
      "zSum": -42.324
    },
    {
      "draws": 221,
      "goalDiff": -987.0,
      "losses": 544,
      "points": 1151.0,
      "rank": 8,
      "team": "tempest-united",
      "wins": 310,
      "zSum": -40.576
    },
    {
      "draws": 98,
      "goalDiff": -1562.0,
      "losses": 508,
      "points": 1055.0,
      "rank": 9,
      "team": "eclipse-town",
      "wins": 319,
      "zSum": -42.175
    }
  ],
  "teams": [
    "aurora-fc",
    "eclipse-town",
    "forge-fc",
    "glacier-fc",
    "granite-athletic",
    "mirage-sc",
    "nebula-rangers",
    "phoenix-rovers",
    "tempest-united"
  ],
  "type": "v6-round-robin",
  "zScoreMatrix": [
    [
      0.0,
      21.181,
      15.741,
      -1.976,
      9.496,
      3.596,
      26.749,
      -0.269,
      15.179
    ],
    [
      -21.181,
      0.0,
      4.279,
      -13.882,
      5.771,
      -10.0,
      12.994,
      -20.346,
      0.19
    ],
    [
      -15.741,
      -4.279,
      0.0,
      -14.627,
      7.371,
      -10.454,
      5.706,
      -7.332,
      -2.968
    ],
    [
      1.976,
      13.882,
      14.627,
      0.0,
      15.548,
      -3.712,
      12.549,
      -0.421,
      9.227
    ],
    [
      -9.496,
      -5.771,
      -7.371,
      -15.548,
      0.0,
      -7.925,
      -0.027,
      -9.277,
      -2.869
    ],
    [
      -3.596,
      10.0,
      10.454,
      3.712,
      7.925,
      0.0,
      12.727,
      -5.165,
      10.373
    ],
    [
      -26.749,
      -12.994,
      -5.706,
      -12.549,
      0.027,
      -12.727,
      0.0,
      -26.781,
      -0.098
    ],
    [
      0.269,
      20.346,
      7.332,
      0.421,
      9.277,
      5.165,
      26.781,
      0.0,
      11.542
    ],
    [
      -15.179,
      -0.19,
      2.968,
      -9.227,
      2.869,
      -10.373,
      0.098,
      -11.542,
      0.0
    ]
  ]
}
