{
  "createdAt": "2026-05-07T05:14:16Z",
  "gamesPerMatch": 500,
  "goalDiffMatrix": [
    [
      0.0,
      568.0,
      298.0,
      -474.0,
      571.0,
      134.0,
      708.0,
      -348.0,
      -187.0
    ],
    [
      -568.0,
      0.0,
      142.0,
      -489.0,
      -80.0,
      -416.0,
      56.0,
      -699.0,
      -576.0
    ],
    [
      -298.0,
      -142.0,
      0.0,
      -477.0,
      151.0,
      -385.0,
      -313.0,
      -233.0,
      -357.0
    ],
    [
      474.0,
      489.0,
      477.0,
      0.0,
      340.0,
      -54.0,
      424.0,
      178.0,
      -646.0
    ],
    [
      -571.0,
      80.0,
      -151.0,
      -340.0,
      0.0,
      -289.0,
      -27.0,
      -219.0,
      -911.0
    ],
    [
      -134.0,
      416.0,
      385.0,
      54.0,
      289.0,
      0.0,
      269.0,
      270.0,
      -73.0
    ],
    [
      -708.0,
      -56.0,
      313.0,
      -424.0,
      27.0,
      -269.0,
      0.0,
      -680.0,
      -1340.0
    ],
    [
      348.0,
      699.0,
      233.0,
      -178.0,
      219.0,
      -270.0,
      680.0,
      0.0,
      -218.0
    ],
    [
      187.0,
      576.0,
      357.0,
      646.0,
      911.0,
      73.0,
      1340.0,
      218.0,
      0.0
    ]
  ],
  "pointsMatrix": [
    [
      0.0,
      267.0,
      249.0,
      29.0,
      287.0,
      202.0,
      294.0,
      39.0,
      101.0
    ],
    [
      33.0,
      0.0,
      229.0,
      23.0,
      109.0,
      15.0,
      150.0,
      0.0,
      14.0
    ],
    [
      39.0,
      61.0,
      0.0,
      15.0,
      229.0,
      24.0,
      42.0,
      33.0,
      21.0
    ],
    [
      266.0,
      272.0,
      279.0,
      0.0,
      242.0,
      102.0,
      257.0,
      194.0,
      30.0
    ],
    [
      8.0,
      178.0,
      127.0,
      53.0,
      0.0,
      47.0,
      140.0,
      56.0,
      0.0
    ],
    [
      88.0,
      282.0,
      273.0,
      174.0,
      242.0,
      0.0,
      243.0,
      244.0,
      412.0
    ],
    [
      3.0,
      141.0,
      252.0,
      38.0,
      149.0,
      48.0,
      0.0,
      4.0,
      1.0
    ],
    [
      252.0,
      300.0,
      255.0,
      95.0,
      236.0,
      49.0,
      295.0,
      0.0,
      71.0
    ],
    [
      188.0,
      284.0,
      273.0,
      267.0,
      300.0,
      385.0,
      298.0,
      221.0,
      0.0
    ]
  ],
  "rankings": [
    {
      "draws": 59,
      "goalDiff": 4308.0,
      "losses": 197,
      "points": 2216.0,
      "rank": 1,
      "team": "tempest-united",
      "wins": 719,
      "zSum": 109.536
    },
    {
      "draws": 95,
      "goalDiff": 1476.0,
      "losses": 259,
      "points": 1958.0,
      "rank": 2,
      "team": "mirage-sc",
      "wins": 621,
      "zSum": 55.36600000000001
    },
    {
      "draws": 64,
      "goalDiff": 1682.0,
      "losses": 210,
      "points": 1642.0,
      "rank": 3,
      "team": "glacier-fc",
      "wins": 526,
      "zSum": 50.48200000000001
    },
    {
      "draws": 56,
      "goalDiff": 1513.0,
      "losses": 245,
      "points": 1553.0,
      "rank": 4,
      "team": "phoenix-rovers",
      "wins": 499,
      "zSum": 51.34400000000001
    },
    {
      "draws": 55,
      "goalDiff": 1270.0,
      "losses": 274,
      "points": 1468.0,
      "rank": 5,
      "team": "aurora-fc",
      "wins": 471,
      "zSum": 39.068000000000005
    },
    {
      "draws": 45,
      "goalDiff": -3137.0,
      "losses": 558,
      "points": 636.0,
      "rank": 6,
      "team": "nebula-rangers",
      "wins": 197,
      "zSum": -73.238
    },
    {
      "draws": 72,
      "goalDiff": -2428.0,
      "losses": 574,
      "points": 609.0,
      "rank": 7,
      "team": "granite-athletic",
      "wins": 179,
      "zSum": -78.531
    },
    {
      "draws": 42,
      "goalDiff": -2630.0,
      "losses": 581,
      "points": 573.0,
      "rank": 8,
      "team": "eclipse-town",
      "wins": 177,
      "zSum": -74.05
    },
    {
      "draws": 74,
      "goalDiff": -2054.0,
      "losses": 621,
      "points": 464.0,
      "rank": 9,
      "team": "forge-fc",
      "wins": 130,
      "zSum": -79.97699999999999
    }
  ],
  "teams": [
    "aurora-fc",
    "eclipse-town",
    "forge-fc",
    "glacier-fc",
    "granite-athletic",
    "mirage-sc",
    "nebula-rangers",
    "phoenix-rovers",
    "tempest-united"
  ],
  "type": "v6-round-robin",
  "zScoreMatrix": [
    [
      0.0,
      12.357,
      10.206,
      -11.033,
      17.064,
      4.362,
      19.741,
      -9.47,
      -4.159
    ],
    [
      -12.357,
      0.0,
      6.585,
      -13.676,
      -2.987,
      -14.922,
      1.19,
      -22.389,
      -15.494
    ],
    [
      -10.206,
      -6.585,
      0.0,
      -15.532,
      4.438,
      -15.04,
      -10.443,
      -11.738,
      -14.871
    ],
    [
      11.033,
      13.676,
      15.532,
      0.0,
      10.361,
      -2.401,
      11.242,
      4.593,
      -13.554
    ],
    [
      -17.064,
      2.987,
      -4.438,
      -10.361,
      0.0,
      -10.092,
      -0.759,
      -8.348,
      -30.456
    ],
    [
      -4.362,
      14.922,
      15.04,
      2.401,
      10.092,
      0.0,
      9.328,
      9.188,
      -1.243
    ],
    [
      -19.741,
      -1.19,
      10.443,
      -11.242,
      0.759,
      -9.328,
      0.0,
      -20.742,
      -22.197
    ],
    [
      9.47,
      22.389,
      11.738,
      -4.593,
      8.348,
      -9.188,
      20.742,
      0.0,
      -7.562
    ],
    [
      4.159,
      15.494,
      14.871,
      13.554,
      30.456,
      1.243,
      22.197,
      7.562,
      0.0
    ]
  ]
}
