{
  "createdAt": "2026-05-07T07:33:44Z",
  "gamesPerMatch": 500,
  "goalDiffMatrix": [
    [
      0.0,
      600.0,
      289.0,
      -499.0,
      616.0,
      145.0,
      -1030.0,
      -396.0,
      -194.0
    ],
    [
      -600.0,
      0.0,
      146.0,
      -470.0,
      -88.0,
      -435.0,
      -523.0,
      -785.0,
      -524.0
    ],
    [
      -289.0,
      -146.0,
      0.0,
      -472.0,
      149.0,
      -354.0,
      -248.0,
      -231.0,
      -376.0
    ],
    [
      499.0,
      470.0,
      472.0,
      0.0,
      401.0,
      -76.0,
      499.0,
      134.0,
      -600.0
    ],
    [
      -616.0,
      88.0,
      -149.0,
      -401.0,
      0.0,
      -277.0,
      -147.0,
      -259.0,
      -873.0
    ],
    [
      -145.0,
      435.0,
      354.0,
      76.0,
      277.0,
      0.0,
      510.0,
      267.0,
      14.0
    ],
    [
      1030.0,
      523.0,
      248.0,
      -499.0,
      147.0,
      -510.0,
      0.0,
      202.0,
      -788.0
    ],
    [
      396.0,
      785.0,
      231.0,
      -134.0,
      259.0,
      -267.0,
      -202.0,
      0.0,
      -258.0
    ],
    [
      194.0,
      524.0,
      376.0,
      600.0,
      873.0,
      -14.0,
      788.0,
      258.0,
      0.0
    ]
  ],
  "pointsMatrix": [
    [
      0.0,
      276.0,
      255.0,
      32.0,
      288.0,
      208.0,
      58.0,
      42.0,
      96.0
    ],
    [
      21.0,
      0.0,
      222.0,
      8.0,
      76.0,
      15.0,
      22.0,
      4.0,
      21.0
    ],
    [
      33.0,
      63.0,
      0.0,
      9.0,
      186.0,
      26.0,
      53.0,
      35.0,
      23.0
    ],
    [
      263.0,
      290.0,
      285.0,
      0.0,
      263.0,
      192.0,
      243.0,
      191.0,
      24.0
    ],
    [
      9.0,
      208.0,
      99.0,
      32.0,
      0.0,
      59.0,
      89.0,
      58.0,
      1.0
    ],
    [
      79.0,
      279.0,
      269.0,
      288.0,
      233.0,
      0.0,
      281.0,
      245.0,
      411.0
    ],
    [
      238.0,
      277.0,
      239.0,
      54.0,
      197.0,
      17.0,
      0.0,
      215.0,
      43.0
    ],
    [
      255.0,
      295.0,
      257.0,
      101.0,
      235.0,
      47.0,
      77.0,
      0.0,
      58.0
    ],
    [
      195.0,
      276.0,
      272.0,
      276.0,
      298.0,
      378.0,
      253.0,
      232.0,
      0.0
    ]
  ],
  "rankings": [
    {
      "draws": 68,
      "goalDiff": 3599.0,
      "losses": 203,
      "points": 2180.0,
      "rank": 1,
      "team": "tempest-united",
      "wins": 704,
      "zSum": 94.28000000000002
    },
    {
      "draws": 123,
      "goalDiff": 1788.0,
      "losses": 273,
      "points": 2085.0,
      "rank": 2,
      "team": "mirage-sc",
      "wins": 654,
      "zSum": 62.961000000000006
    },
    {
      "draws": 74,
      "goalDiff": 1799.0,
      "losses": 242,
      "points": 1751.0,
      "rank": 3,
      "team": "glacier-fc",
      "wins": 559,
      "zSum": 52.77700000000001
    },
    {
      "draws": 53,
      "goalDiff": 810.0,
      "losses": 323,
      "points": 1325.0,
      "rank": 4,
      "team": "phoenix-rovers",
      "wins": 424,
      "zSum": 25.616999999999997
    },
    {
      "draws": 44,
      "goalDiff": 353.0,
      "losses": 344,
      "points": 1280.0,
      "rank": 5,
      "team": "nebula-rangers",
      "wins": 412,
      "zSum": 5.533000000000001
    },
    {
      "draws": 52,
      "goalDiff": -469.0,
      "losses": 347,
      "points": 1255.0,
      "rank": 6,
      "team": "aurora-fc",
      "wins": 401,
      "zSum": 11.707999999999998
    },
    {
      "draws": 69,
      "goalDiff": -2634.0,
      "losses": 569,
      "points": 555.0,
      "rank": 7,
      "team": "granite-athletic",
      "wins": 162,
      "zSum": -80.57300000000001
    },
    {
      "draws": 74,
      "goalDiff": -1967.0,
      "losses": 608,
      "points": 428.0,
      "rank": 8,
      "team": "forge-fc",
      "wins": 118,
      "zSum": -75.62100000000001
    },
    {
      "draws": 47,
      "goalDiff": -3279.0,
      "losses": 639,
      "points": 389.0,
      "rank": 9,
      "team": "eclipse-town",
      "wins": 114,
      "zSum": -96.682
    }
  ],
  "teams": [
    "aurora-fc",
    "eclipse-town",
    "forge-fc",
    "glacier-fc",
    "granite-athletic",
    "mirage-sc",
    "nebula-rangers",
    "phoenix-rovers",
    "tempest-united"
  ],
  "type": "v6-round-robin",
  "zScoreMatrix": [
    [
      0.0,
      14.11,
      10.529,
      -11.913,
      18.884,
      4.912,
      -9.833,
      -10.167,
      -4.814
    ],
    [
      -14.11,
      0.0,
      7.15,
      -16.974,
      -3.711,
      -16.444,
      -13.677,
      -23.394,
      -15.522
    ],
    [
      -10.529,
      -7.15,
      0.0,
      -15.268,
      4.828,
      -11.854,
      -10.185,
      -10.724,
      -14.739
    ],
    [
      11.913,
      16.974,
      15.268,
      0.0,
      11.437,
      -2.733,
      9.823,
      3.424,
      -13.329
    ],
    [
      -18.884,
      3.711,
      -4.828,
      -11.437,
      0.0,
      -9.25,
      -4.323,
      -8.726,
      -26.836
    ],
    [
      -4.912,
      16.444,
      11.854,
      2.733,
      9.25,
      0.0,
      17.254,
      10.069,
      0.269
    ],
    [
      9.833,
      13.677,
      10.185,
      -9.823,
      4.323,
      -17.254,
      0.0,
      5.635,
      -11.043
    ],
    [
      10.167,
      23.394,
      10.724,
      -3.424,
      8.726,
      -10.069,
      -5.635,
      0.0,
      -8.266
    ],
    [
      4.814,
      15.522,
      14.739,
      13.329,
      26.836,
      -0.269,
      11.043,
      8.266,
      0.0
    ]
  ]
}
