{
  "createdAt": "2026-05-07T07:46:26Z",
  "gamesPerMatch": 500,
  "goalDiffMatrix": [
    [
      0.0,
      621.0,
      283.0,
      -472.0,
      499.0,
      163.0,
      -1072.0,
      -434.0,
      -188.0
    ],
    [
      -621.0,
      0.0,
      92.0,
      -466.0,
      -136.0,
      -393.0,
      -886.0,
      -741.0,
      -621.0
    ],
    [
      -283.0,
      -92.0,
      0.0,
      -541.0,
      95.0,
      -350.0,
      59.0,
      -189.0,
      -420.0
    ],
    [
      472.0,
      466.0,
      541.0,
      0.0,
      365.0,
      -93.0,
      -35.0,
      274.0,
      -616.0
    ],
    [
      -499.0,
      136.0,
      -95.0,
      -365.0,
      0.0,
      -275.0,
      -131.0,
      -237.0,
      -868.0
    ],
    [
      -163.0,
      393.0,
      350.0,
      93.0,
      275.0,
      0.0,
      989.0,
      250.0,
      -29.0
    ],
    [
      1072.0,
      886.0,
      -59.0,
      35.0,
      131.0,
      -989.0,
      0.0,
      -794.0,
      287.0
    ],
    [
      434.0,
      741.0,
      189.0,
      -274.0,
      237.0,
      -250.0,
      794.0,
      0.0,
      -259.0
    ],
    [
      188.0,
      621.0,
      420.0,
      616.0,
      868.0,
      29.0,
      -287.0,
      259.0,
      0.0
    ]
  ],
  "pointsMatrix": [
    [
      0.0,
      272.0,
      251.0,
      35.0,
      269.0,
      187.0,
      7.0,
      35.0,
      100.0
    ],
    [
      23.0,
      0.0,
      212.0,
      22.0,
      92.0,
      26.0,
      7.0,
      3.0,
      14.0
    ],
    [
      44.0,
      74.0,
      0.0,
      8.0,
      178.0,
      14.0,
      180.0,
      49.0,
      15.0
    ],
    [
      260.0,
      274.0,
      290.0,
      0.0,
      248.0,
      311.0,
      139.0,
      213.0,
      25.0
    ],
    [
      26.0,
      200.0,
      103.0,
      41.0,
      0.0,
      38.0,
      208.0,
      65.0,
      0.0
    ],
    [
      100.0,
      269.0,
      281.0,
      455.0,
      254.0,
      0.0,
      300.0,
      224.0,
      216.0
    ],
    [
      289.0,
      292.0,
      105.0,
      151.0,
      304.0,
      0.0,
      0.0,
      10.0,
      197.0
    ],
    [
      260.0,
      297.0,
      235.0,
      75.0,
      224.0,
      65.0,
      289.0,
      0.0,
      59.0
    ],
    [
      190.0,
      281.0,
      282.0,
      271.0,
      300.0,
      216.0,
      98.0,
      233.0,
      0.0
    ]
  ],
  "rankings": [
    {
      "draws": 119,
      "goalDiff": 2158.0,
      "losses": 246,
      "points": 2099.0,
      "rank": 1,
      "team": "mirage-sc",
      "wins": 660,
      "zSum": 68.163
    },
    {
      "draws": 53,
      "goalDiff": 2714.0,
      "losses": 191,
      "points": 1871.0,
      "rank": 2,
      "team": "tempest-united",
      "wins": 606,
      "zSum": 79.739
    },
    {
      "draws": 107,
      "goalDiff": 1374.0,
      "losses": 317,
      "points": 1760.0,
      "rank": 3,
      "team": "glacier-fc",
      "wins": 551,
      "zSum": 45.208000000000006
    },
    {
      "draws": 64,
      "goalDiff": 1612.0,
      "losses": 256,
      "points": 1504.0,
      "rank": 4,
      "team": "phoenix-rovers",
      "wins": 480,
      "zSum": 47.208
    },
    {
      "draws": 49,
      "goalDiff": 569.0,
      "losses": 393,
      "points": 1348.0,
      "rank": 5,
      "team": "nebula-rangers",
      "wins": 433,
      "zSum": 1.3940000000000055
    },
    {
      "draws": 52,
      "goalDiff": -600.0,
      "losses": 380,
      "points": 1156.0,
      "rank": 6,
      "team": "aurora-fc",
      "wins": 368,
      "zSum": 0.6860000000000044
    },
    {
      "draws": 75,
      "goalDiff": -2334.0,
      "losses": 598,
      "points": 681.0,
      "rank": 7,
      "team": "granite-athletic",
      "wins": 202,
      "zSum": -70.165
    },
    {
      "draws": 79,
      "goalDiff": -1721.0,
      "losses": 560,
      "points": 562.0,
      "rank": 8,
      "team": "forge-fc",
      "wins": 161,
      "zSum": -68.587
    },
    {
      "draws": 42,
      "goalDiff": -3772.0,
      "losses": 639,
      "points": 399.0,
      "rank": 9,
      "team": "eclipse-town",
      "wins": 119,
      "zSum": -103.64599999999999
    }
  ],
  "teams": [
    "aurora-fc",
    "eclipse-town",
    "forge-fc",
    "glacier-fc",
    "granite-athletic",
    "mirage-sc",
    "nebula-rangers",
    "phoenix-rovers",
    "tempest-united"
  ],
  "type": "v6-round-robin",
  "zScoreMatrix": [
    [
      0.0,
      15.081,
      9.857,
      -11.547,
      14.151,
      4.622,
      -15.946,
      -11.277,
      -4.255
    ],
    [
      -15.081,
      0.0,
      4.815,
      -14.333,
      -4.787,
      -13.552,
      -20.331,
      -23.843,
      -16.534
    ],
    [
      -9.857,
      -4.815,
      0.0,
      -18.593,
      3.694,
      -15.558,
      2.184,
      -9.914,
      -15.728
    ],
    [
      11.547,
      14.333,
      18.593,
      0.0,
      11.14,
      -2.44,
      -0.876,
      6.156,
      -13.245
    ],
    [
      -14.151,
      4.787,
      -3.694,
      -11.14,
      0.0,
      -9.882,
      -2.514,
      -8.189,
      -25.382
    ],
    [
      -4.622,
      13.552,
      15.558,
      2.44,
      9.882,
      0.0,
      23.84,
      8.118,
      -0.605
    ],
    [
      15.946,
      20.331,
      -2.184,
      0.876,
      2.514,
      -23.84,
      0.0,
      -16.906,
      4.657
    ],
    [
      11.277,
      23.843,
      9.914,
      -6.156,
      8.189,
      -8.118,
      16.906,
      0.0,
      -8.647
    ],
    [
      4.255,
      16.534,
      15.728,
      13.245,
      25.382,
      0.605,
      -4.657,
      8.647,
      0.0
    ]
  ]
}
