{
  "createdAt": "2026-05-07T07:32:43Z",
  "gamesPerMatch": 500,
  "goalDiffMatrix": [
    [
      0.0,
      655.0,
      295.0,
      -447.0,
      573.0,
      124.0,
      -1049.0,
      -350.0,
      -248.0
    ],
    [
      -655.0,
      0.0,
      93.0,
      -416.0,
      -65.0,
      -448.0,
      -948.0,
      -725.0,
      -588.0
    ],
    [
      -295.0,
      -93.0,
      0.0,
      -430.0,
      175.0,
      -366.0,
      -115.0,
      -224.0,
      -408.0
    ],
    [
      447.0,
      416.0,
      430.0,
      0.0,
      376.0,
      -141.0,
      -308.0,
      218.0,
      -632.0
    ],
    [
      -573.0,
      65.0,
      -175.0,
      -376.0,
      0.0,
      -281.0,
      -243.0,
      -244.0,
      -849.0
    ],
    [
      -124.0,
      448.0,
      366.0,
      141.0,
      281.0,
      0.0,
      804.0,
      317.0,
      -69.0
    ],
    [
      1049.0,
      948.0,
      115.0,
      308.0,
      243.0,
      -804.0,
      0.0,
      -424.0,
      281.0
    ],
    [
      350.0,
      725.0,
      224.0,
      -218.0,
      244.0,
      -317.0,
      424.0,
      0.0,
      -270.0
    ],
    [
      248.0,
      588.0,
      408.0,
      632.0,
      849.0,
      69.0,
      -281.0,
      270.0,
      0.0
    ]
  ],
  "pointsMatrix": [
    [
      0.0,
      282.0,
      263.0,
      28.0,
      291.0,
      205.0,
      19.0,
      45.0,
      70.0
    ],
    [
      15.0,
      0.0,
      200.0,
      22.0,
      102.0,
      12.0,
      4.0,
      2.0,
      14.0
    ],
    [
      29.0,
      86.0,
      0.0,
      12.0,
      182.0,
      23.0,
      88.0,
      40.0,
      28.0
    ],
    [
      265.0,
      274.0,
      285.0,
      0.0,
      261.0,
      521.0,
      637.0,
      208.0,
      19.0
    ],
    [
      9.0,
      186.0,
      101.0,
      33.0,
      0.0,
      36.0,
      69.0,
      50.0,
      0.0
    ],
    [
      88.0,
      285.0,
      266.0,
      665.0,
      255.0,
      0.0,
      297.0,
      255.0,
      596.0
    ],
    [
      277.0,
      295.0,
      196.0,
      808.0,
      219.0,
      3.0,
      0.0,
      27.0,
      205.0
    ],
    [
      246.0,
      296.0,
      247.0,
      79.0,
      242.0,
      42.0,
      267.0,
      0.0,
      54.0
    ],
    [
      220.0,
      281.0,
      271.0,
      277.0,
      300.0,
      635.0,
      91.0,
      234.0,
      0.0
    ]
  ],
  "rankings": [
    {
      "draws": 166,
      "goalDiff": 2164.0,
      "losses": 437,
      "points": 2707.0,
      "rank": 1,
      "team": "mirage-sc",
      "wins": 847,
      "zSum": 73.15100000000001
    },
    {
      "draws": 181,
      "goalDiff": 806.0,
      "losses": 581,
      "points": 2470.0,
      "rank": 2,
      "team": "glacier-fc",
      "wins": 763,
      "zSum": 37.17600000000001
    },
    {
      "draws": 80,
      "goalDiff": 2783.0,
      "losses": 302,
      "points": 2309.0,
      "rank": 3,
      "team": "tempest-united",
      "wins": 743,
      "zSum": 80.638
    },
    {
      "draws": 98,
      "goalDiff": 1716.0,
      "losses": 458,
      "points": 2030.0,
      "rank": 4,
      "team": "nebula-rangers",
      "wins": 644,
      "zSum": 19.239000000000004
    },
    {
      "draws": 66,
      "goalDiff": 1162.0,
      "losses": 265,
      "points": 1473.0,
      "rank": 5,
      "team": "phoenix-rovers",
      "wins": 469,
      "zSum": 41.068000000000005
    },
    {
      "draws": 48,
      "goalDiff": -447.0,
      "losses": 367,
      "points": 1203.0,
      "rank": 6,
      "team": "aurora-fc",
      "wins": 385,
      "zSum": 6.456
    },
    {
      "draws": 83,
      "goalDiff": -1756.0,
      "losses": 582,
      "points": 488.0,
      "rank": 7,
      "team": "forge-fc",
      "wins": 135,
      "zSum": -69.902
    },
    {
      "draws": 64,
      "goalDiff": -2676.0,
      "losses": 596,
      "points": 484.0,
      "rank": 8,
      "team": "granite-athletic",
      "wins": 140,
      "zSum": -87.178
    },
    {
      "draws": 44,
      "goalDiff": -3752.0,
      "losses": 647,
      "points": 371.0,
      "rank": 9,
      "team": "eclipse-town",
      "wins": 109,
      "zSum": -100.648
    }
  ],
  "teams": [
    "aurora-fc",
    "eclipse-town",
    "forge-fc",
    "glacier-fc",
    "granite-athletic",
    "mirage-sc",
    "nebula-rangers",
    "phoenix-rovers",
    "tempest-united"
  ],
  "type": "v6-round-robin",
  "zScoreMatrix": [
    [
      0.0,
      16.041,
      11.402,
      -11.48,
      19.332,
      3.961,
      -16.444,
      -9.999,
      -6.357
    ],
    [
      -16.041,
      0.0,
      5.185,
      -13.363,
      -2.199,
      -15.614,
      -19.75,
      -23.321,
      -15.545
    ],
    [
      -11.402,
      -5.185,
      0.0,
      -15.098,
      5.089,
      -13.879,
      -4.756,
      -10.366,
      -14.305
    ],
    [
      11.48,
      13.363,
      15.098,
      0.0,
      11.736,
      -2.872,
      -3.431,
      6.439,
      -14.637
    ],
    [
      -19.332,
      2.199,
      -5.089,
      -11.736,
      0.0,
      -10.823,
      -7.249,
      -9.238,
      -25.91
    ],
    [
      -3.961,
      15.614,
      13.879,
      2.872,
      10.823,
      0.0,
      24.435,
      10.455,
      -0.966
    ],
    [
      16.444,
      19.75,
      4.756,
      3.431,
      7.249,
      -24.435,
      0.0,
      -12.777,
      4.821
    ],
    [
      9.999,
      23.321,
      10.366,
      -6.439,
      9.238,
      -10.455,
      12.777,
      0.0,
      -7.739
    ],
    [
      6.357,
      15.545,
      14.305,
      14.637,
      25.91,
      0.966,
      -4.821,
      7.739,
      0.0
    ]
  ]
}
