{
  "createdAt": "2026-05-07T07:10:30Z",
  "gamesPerMatch": 500,
  "goalDiffMatrix": [
    [
      0.0,
      617.0,
      319.0,
      -440.0,
      552.0,
      169.0,
      582.0,
      -320.0,
      -230.0
    ],
    [
      -617.0,
      0.0,
      107.0,
      -478.0,
      -86.0,
      -421.0,
      152.0,
      -714.0,
      -571.0
    ],
    [
      -319.0,
      -107.0,
      0.0,
      -468.0,
      131.0,
      -329.0,
      -260.0,
      -215.0,
      -358.0
    ],
    [
      440.0,
      478.0,
      468.0,
      0.0,
      329.0,
      -108.0,
      550.0,
      203.0,
      -629.0
    ],
    [
      -552.0,
      86.0,
      -131.0,
      -329.0,
      0.0,
      -248.0,
      -141.0,
      -223.0,
      -832.0
    ],
    [
      -169.0,
      421.0,
      329.0,
      108.0,
      248.0,
      0.0,
      104.0,
      277.0,
      -37.0
    ],
    [
      -582.0,
      -152.0,
      260.0,
      -550.0,
      141.0,
      -104.0,
      0.0,
      -635.0,
      -1113.0
    ],
    [
      320.0,
      714.0,
      215.0,
      -203.0,
      223.0,
      -277.0,
      635.0,
      0.0,
      -265.0
    ],
    [
      230.0,
      571.0,
      358.0,
      629.0,
      832.0,
      37.0,
      1113.0,
      265.0,
      0.0
    ]
  ],
  "pointsMatrix": [
    [
      0.0,
      269.0,
      259.0,
      30.0,
      284.0,
      204.0,
      281.0,
      58.0,
      74.0
    ],
    [
      29.0,
      0.0,
      202.0,
      22.0,
      85.0,
      10.0,
      183.0,
      4.0,
      21.0
    ],
    [
      31.0,
      79.0,
      0.0,
      9.0,
      184.0,
      31.0,
      44.0,
      42.0,
      13.0
    ],
    [
      261.0,
      274.0,
      285.0,
      0.0,
      244.0,
      357.0,
      240.0,
      202.0,
      26.0
    ],
    [
      14.0,
      199.0,
      100.0,
      52.0,
      0.0,
      52.0,
      205.0,
      70.0,
      0.0
    ],
    [
      87.0,
      286.0,
      265.0,
      474.0,
      241.0,
      0.0,
      780.0,
      242.0,
      213.0
    ],
    [
      14.0,
      111.0,
      251.0,
      54.0,
      298.0,
      636.0,
      0.0,
      19.0,
      6.0
    ],
    [
      235.0,
      295.0,
      243.0,
      88.0,
      217.0,
      47.0,
      280.0,
      0.0,
      56.0
    ],
    [
      215.0,
      276.0,
      283.0,
      272.0,
      300.0,
      219.0,
      294.0,
      236.0,
      0.0
    ]
  ],
  "rankings": [
    {
      "draws": 206,
      "goalDiff": 1281.0,
      "losses": 450,
      "points": 2588.0,
      "rank": 1,
      "team": "mirage-sc",
      "wins": 794,
      "zSum": 47.425999999999995
    },
    {
      "draws": 46,
      "goalDiff": 4035.0,
      "losses": 121,
      "points": 2095.0,
      "rank": 2,
      "team": "tempest-united",
      "wins": 683,
      "zSum": 107.56799999999998
    },
    {
      "draws": 110,
      "goalDiff": 1731.0,
      "losses": 297,
      "points": 1889.0,
      "rank": 3,
      "team": "glacier-fc",
      "wins": 593,
      "zSum": 48.287000000000006
    },
    {
      "draws": 66,
      "goalDiff": 1362.0,
      "losses": 269,
      "points": 1461.0,
      "rank": 4,
      "team": "phoenix-rovers",
      "wins": 465,
      "zSum": 38.830000000000005
    },
    {
      "draws": 55,
      "goalDiff": 1249.0,
      "losses": 277,
      "points": 1459.0,
      "rank": 5,
      "team": "aurora-fc",
      "wins": 468,
      "zSum": 40.400999999999996
    },
    {
      "draws": 129,
      "goalDiff": -2735.0,
      "losses": 726,
      "points": 1389.0,
      "rank": 6,
      "team": "nebula-rangers",
      "wins": 420,
      "zSum": -56.293000000000006
    },
    {
      "draws": 80,
      "goalDiff": -2370.0,
      "losses": 591,
      "points": 692.0,
      "rank": 7,
      "team": "granite-athletic",
      "wins": 204,
      "zSum": -75.589
    },
    {
      "draws": 55,
      "goalDiff": -2628.0,
      "losses": 578,
      "points": 556.0,
      "rank": 8,
      "team": "eclipse-town",
      "wins": 167,
      "zSum": -72.922
    },
    {
      "draws": 79,
      "goalDiff": -1925.0,
      "losses": 603,
      "points": 433.0,
      "rank": 9,
      "team": "forge-fc",
      "wins": 118,
      "zSum": -77.708
    }
  ],
  "teams": [
    "aurora-fc",
    "eclipse-town",
    "forge-fc",
    "glacier-fc",
    "granite-athletic",
    "mirage-sc",
    "nebula-rangers",
    "phoenix-rovers",
    "tempest-united"
  ],
  "type": "v6-round-robin",
  "zScoreMatrix": [
    [
      0.0,
      13.16,
      13.349,
      -10.972,
      17.829,
      4.571,
      16.056,
      -7.97,
      -5.622
    ],
    [
      -13.16,
      0.0,
      4.887,
      -13.792,
      -2.884,
      -16.924,
      3.789,
      -20.734,
      -14.104
    ],
    [
      -13.349,
      -4.887,
      0.0,
      -16.719,
      4.385,
      -11.687,
      -8.894,
      -10.633,
      -15.924
    ],
    [
      10.972,
      13.792,
      16.719,
      0.0,
      9.393,
      -2.602,
      8.49,
      5.439,
      -13.916
    ],
    [
      -17.829,
      2.884,
      -4.385,
      -9.393,
      0.0,
      -9.484,
      -3.012,
      -7.103,
      -27.267
    ],
    [
      -4.571,
      16.924,
      11.687,
      2.602,
      9.484,
      0.0,
      1.881,
      10.189,
      -0.77
    ],
    [
      -16.056,
      -3.789,
      8.894,
      -8.49,
      3.012,
      -1.881,
      0.0,
      -16.353,
      -21.63
    ],
    [
      7.97,
      20.734,
      10.633,
      -5.439,
      7.103,
      -10.189,
      16.353,
      0.0,
      -8.335
    ],
    [
      5.622,
      14.104,
      15.924,
      13.916,
      27.267,
      0.77,
      21.63,
      8.335,
      0.0
    ]
  ]
}
