{
  "createdAt": "2026-05-07T08:16:32Z",
  "gamesPerMatch": 500,
  "goalDiffMatrix": [
    [
      0.0,
      660.0,
      274.0,
      -448.0,
      583.0,
      141.0,
      -1107.0,
      -364.0,
      -188.0
    ],
    [
      -660.0,
      0.0,
      104.0,
      -511.0,
      -103.0,
      -440.0,
      -922.0,
      -724.0,
      -619.0
    ],
    [
      -274.0,
      -104.0,
      0.0,
      -416.0,
      178.0,
      -355.0,
      -57.0,
      -234.0,
      -386.0
    ],
    [
      448.0,
      511.0,
      416.0,
      0.0,
      381.0,
      -124.0,
      -177.0,
      249.0,
      -628.0
    ],
    [
      -583.0,
      103.0,
      -178.0,
      -381.0,
      0.0,
      -277.0,
      -231.0,
      -235.0,
      -840.0
    ],
    [
      -141.0,
      440.0,
      355.0,
      124.0,
      277.0,
      0.0,
      781.0,
      263.0,
      -22.0
    ],
    [
      1107.0,
      922.0,
      57.0,
      177.0,
      231.0,
      -781.0,
      0.0,
      -487.0,
      339.0
    ],
    [
      364.0,
      724.0,
      234.0,
      -249.0,
      235.0,
      -263.0,
      487.0,
      0.0,
      -247.0
    ],
    [
      188.0,
      619.0,
      386.0,
      628.0,
      840.0,
      22.0,
      -339.0,
      247.0,
      0.0
    ]
  ],
  "pointsMatrix": [
    [
      0.0,
      279.0,
      270.0,
      42.0,
      291.0,
      260.0,
      5.0,
      37.0,
      97.0
    ],
    [
      15.0,
      0.0,
      200.0,
      12.0,
      89.0,
      11.0,
      7.0,
      3.0,
      4.0
    ],
    [
      24.0,
      86.0,
      0.0,
      16.0,
      195.0,
      20.0,
      99.0,
      38.0,
      14.0
    ],
    [
      252.0,
      288.0,
      283.0,
      0.0,
      263.0,
      264.0,
      88.0,
      216.0,
      17.0
    ],
    [
      6.0,
      191.0,
      90.0,
      29.0,
      0.0,
      55.0,
      77.0,
      70.0,
      0.0
    ],
    [
      173.0,
      281.0,
      275.0,
      372.0,
      232.0,
      0.0,
      300.0,
      241.0,
      211.0
    ],
    [
      293.0,
      292.0,
      183.0,
      199.0,
      212.0,
      0.0,
      0.0,
      20.0,
      210.0
    ],
    [
      256.0,
      297.0,
      254.0,
      75.0,
      220.0,
      49.0,
      275.0,
      0.0,
      64.0
    ],
    [
      196.0,
      295.0,
      281.0,
      278.0,
      300.0,
      226.0,
      87.0,
      226.0,
      0.0
    ]
  ],
  "rankings": [
    {
      "draws": 105,
      "goalDiff": 2077.0,
      "losses": 260,
      "points": 2085.0,
      "rank": 1,
      "team": "mirage-sc",
      "wins": 660,
      "zSum": 75.40599999999999
    },
    {
      "draws": 44,
      "goalDiff": 2591.0,
      "losses": 191,
      "points": 1889.0,
      "rank": 2,
      "team": "tempest-united",
      "wins": 615,
      "zSum": 80.39800000000001
    },
    {
      "draws": 81,
      "goalDiff": 1076.0,
      "losses": 314,
      "points": 1671.0,
      "rank": 3,
      "team": "glacier-fc",
      "wins": 530,
      "zSum": 37.433
    },
    {
      "draws": 59,
      "goalDiff": 1285.0,
      "losses": 264,
      "points": 1490.0,
      "rank": 4,
      "team": "phoenix-rovers",
      "wins": 477,
      "zSum": 42.669000000000004
    },
    {
      "draws": 53,
      "goalDiff": 1565.0,
      "losses": 295,
      "points": 1409.0,
      "rank": 5,
      "team": "nebula-rangers",
      "wins": 452,
      "zSum": 17.981
    },
    {
      "draws": 54,
      "goalDiff": -449.0,
      "losses": 387,
      "points": 1281.0,
      "rank": 6,
      "team": "aurora-fc",
      "wins": 409,
      "zSum": 7.390999999999996
    },
    {
      "draws": 80,
      "goalDiff": -2622.0,
      "losses": 574,
      "points": 518.0,
      "rank": 7,
      "team": "granite-athletic",
      "wins": 146,
      "zSum": -80.602
    },
    {
      "draws": 72,
      "goalDiff": -1648.0,
      "losses": 588,
      "points": 492.0,
      "rank": 8,
      "team": "forge-fc",
      "wins": 140,
      "zSum": -69.152
    },
    {
      "draws": 50,
      "goalDiff": -3875.0,
      "losses": 653,
      "points": 341.0,
      "rank": 9,
      "team": "eclipse-town",
      "wins": 97,
      "zSum": -111.524
    }
  ],
  "teams": [
    "aurora-fc",
    "eclipse-town",
    "forge-fc",
    "glacier-fc",
    "granite-athletic",
    "mirage-sc",
    "nebula-rangers",
    "phoenix-rovers",
    "tempest-united"
  ],
  "type": "v6-round-robin",
  "zScoreMatrix": [
    [
      0.0,
      15.034,
      11.654,
      -11.183,
      17.569,
      3.708,
      -15.408,
      -9.927,
      -4.056
    ],
    [
      -15.034,
      0.0,
      5.003,
      -15.798,
      -3.963,
      -17.172,
      -21.568,
      -24.28,
      -18.712
    ],
    [
      -11.654,
      -5.003,
      0.0,
      -15.263,
      5.92,
      -14.411,
      -2.122,
      -11.17,
      -15.449
    ],
    [
      11.183,
      15.798,
      15.263,
      0.0,
      11.539,
      -3.599,
      -4.578,
      6.721,
      -14.894
    ],
    [
      -17.569,
      3.963,
      -5.92,
      -11.539,
      0.0,
      -9.158,
      -7.164,
      -7.248,
      -25.967
    ],
    [
      -3.708,
      17.172,
      14.411,
      3.599,
      9.158,
      0.0,
      26.234,
      9.011,
      -0.471
    ],
    [
      15.408,
      21.568,
      2.122,
      4.578,
      7.164,
      -26.234,
      0.0,
      -12.844,
      6.219
    ],
    [
      9.927,
      24.28,
      11.17,
      -6.721,
      7.248,
      -9.011,
      12.844,
      0.0,
      -7.068
    ],
    [
      4.056,
      18.712,
      15.449,
      14.894,
      25.967,
      0.471,
      -6.219,
      7.068,
      0.0
    ]
  ]
}
